cmd: ./vector
events: Ir
fl=./csu/../csu/libc-start.c
fn=__libc_start_main@@GLIBC_2.34
128 2
134 3
135 7
138 1
139 2
142 3
143 2
144 16
145 8
242 12
343 3
344 3
369 6
372 2
375 2
382 2
384 2
392 4
fl=./csu/../sysdeps/nptl/libc_start_call_main.h
fn=(below main)
29 9
44 3
46 2
51 2
52 2
55 2
58 7
74 1
fl=./csu/./csu/init-first.c
fn=_init_first
46 4
51 2
55 5
61 1
62 1
63 2
71 2
72 2
fl=./ctype/./ctype/ctype-info.c
fn=__ctype_init
29 1
31 7
33 4
35 4
36 1
fl=./elf/../bits/stdlib-bsearch.h
fn=intel_check_word.constprop.0
27 102
28 51
29 971
31 690
32 345
37 63
fl=./elf/../elf/dl-sysdep.c
fn=_dl_sysdep_start
85 10
86 1
87 1
109 1
110 177
113 2
114 1
119 1
121 132
122 113
125 1
126 1
128 1
131 2
132 1
134 2
135 1
150 2
151 1
153 2
154 1
156 2
157 1
162 2
163 1
178 2
179 1
224 1
227 1
238 3
239 2
241 5
253 3
256 5
258 9
fn=_dl_sysdep_start_cleanup
262 1
263 1
fl=./elf/../elf/dl-tls.c
fn=_dl_add_to_slotinfo
1015 16
1021 2
1024 2
1025 2
1029 6
1063 4
1066 6
1067 6
1070 12
fn=_dl_allocate_tls_init
528 10
529 2
533 2
535 1
536 1
539 2
542 3
554 1
559 23
565 6
568 6
569 4
575 6
576 4
578 15
581 4
582 4
585 4
586 8
588 4
589 4
598 2
606 4
608 16
614 2
620 2
623 2
626 9
fn=_dl_allocate_tls_storage
370 1
374 1
375 1
376 2
379 1
385 2
422 4
424 1
435 1
436 1
437 3
445 4
446 1
450 321
469 1
475 5
fn=_dl_assign_tls_modid
131 4
134 4
147 2
186 2
188 2
191 2
192 4
fn=_dl_count_modids
197 1
199 2
200 1
215 2
fn=_dl_determine_tlsoffset
221 8
222 1
223 1
224 1
227 3
230 2
264 1
266 16
268 7
270 6
271 4
273 4
275 10
286 2
291 16
293 4
294 2
306 1
307 9
309 2
360 8
fn=_dl_tls_static_surplus_init
83 3
97 6
101 6
102 6
108 2
110 4
113 1
115 1
117 3
118 5
fl=./elf/../include/list.h
fn=__tls_init_tp
43 2
44 2
45 1
47 1
fl=./elf/../include/rtld-malloc.h
fn=__minimal_calloc
56 17
fn=_dl_allocate_tls_storage
44 2
56 1
fn=_dl_check_map_versions
44 18
fn=_dl_find_object_init
56 2
fn=_dl_important_hwcaps
56 3
fn=_dl_init_paths
56 3
fn=_dl_map_object_deps
56 12
fn=_dl_new_object
44 24
56 15
fn=do_lookup_x
44 12
fn=init_tls
44 2
fn=open_verify.constprop.0
50 8
fn=open_verify.constprop.1
50 2
fl=./elf/../include/scratch_buffer.h
fn=_dl_map_object_deps
77 3
78 1
85 3
131 15
fl=./elf/../misc/sbrk.c
fn=sbrk
37 5
40 1
58 2
62 2
78 5
fl=./elf/../nptl/nptl-stack.h
fn=__libc_early_init
58 8
fl=./elf/../sysdeps/generic/dl-cache.h
fn=_dl_load_cache_lookup
125 20
194 1
195 5
fl=./elf/../sysdeps/generic/dl-debug.h
fn=dl_main
29 3
30 2
fl=./elf/../sysdeps/generic/dl-hash.h
fn=__rtld_malloc_init_real
43 1
44 1
45 19
48 18
62 24
67 1
72 1
fl=./elf/../sysdeps/generic/dl-protected.h
fn=do_lookup_x
29 4430
44 15610
fl=./elf/../sysdeps/generic/ldsodefs.h
fn=_dl_relocate_object
138 10188
fn=_dl_start
80 3
fn=do_lookup_x
137 4430
138 6645
fl=./elf/../sysdeps/nptl/dl-mutex.c
fn=__rtld_mutex_init
30 4
37 1
40 7
44 2
45 9
47 6
51 2
52 7
53 4
fl=./elf/../sysdeps/nptl/dl-tls_init_tp.c
fn=__tls_init_tp
68 3
69 1
72 1
75 4
76 2
77 1
82 2
87 4
90 1
93 3
106 4
123 3
130 2
132 1
133 1
134 3
fn=__tls_pre_init_tp
53 3
56 10
61 2
62 1
64 1
fn=rtld_mutex_dummy
42 258
44 516
fl=./elf/../sysdeps/nptl/pthread_early_init.h
fn=__libc_early_init
33 6
34 6
45 2
46 1
52 7
53 1
54 1
57 1
fl=./elf/../sysdeps/posix/dl-fileid.h
fn=_dl_map_object_from_fd
37 25
40 20
49 58
fl=./elf/../sysdeps/unix/sysv/linux/brk.c
fn=brk
35 1
36 3
37 2
43 1
44 1
fl=./elf/../sysdeps/unix/sysv/linux/dl-osinfo.h
fn=dl_main
64 2
fl=./elf/../sysdeps/unix/sysv/linux/dl-sysdep.c
fn=_dl_discover_osversion
46 5
48 3
88 4
103 1
107 1
108 1
110 12
112 6
114 26
116 3
117 12
120 3
121 3
122 3
124 15
133 5
fn=_dl_sysdep_start
36 2
fl=./elf/../sysdeps/unix/sysv/linux/dl-vdso-setup.h
fn=dl_main
30 3
33 1
36 1
39 1
45 1
fl=./elf/../sysdeps/unix/sysv/linux/dl-vdso.h
fn=dl_main
40 1
41 2
55 2
fl=./elf/../sysdeps/unix/sysv/linux/rseq-internal.h
fn=__tls_init_tp
32 3
34 7
37 2
40 1
fl=./elf/../sysdeps/unix/sysv/linux/x86/cpu-features.c
fn=init_cpu_features.constprop.0
27 6
fl=./elf/../sysdeps/unix/sysv/linux/x86/dl-minsigstacksize.h
fn=get_common_indices.constprop.0
24 2
27 2
28 2
65 3
72 1
74 1
fl=./elf/../sysdeps/x86/cpu-features.c
fn=get_common_indices.constprop.0
325 1
329 4
332 5
336 1
337 4
338 4
339 4
340 3
341 2
348 2
350 9
355 8
362 2
363 7
369 2
384 2
fn=init_cpu_features.constprop.0
303 3
304 2
305 6
310 2
311 6
316 2
317 6
399 7
402 1
403 1
404 1
415 3
418 6
419 1
422 2
424 6
429 1
431 3
433 4
434 15
489 3
503 1
513 11
516 1
555 1
556 1
564 2
571 2
573 1
577 2
583 2
593 1
687 5
688 1
691 2
692 1
698 1
699 1
701 1
706 4
710 3
723 2
724 4
770 1
771 2
775 3
792 2
793 2
795 3
796 2
798 3
799 2
802 2
817 4
819 4
829 2
874 8
fn=update_active.constprop.0
43 7
47 1
55 3
56 3
57 1
65 4
66 1
74 4
75 1
76 3
80 4
83 3
84 1
87 3
88 2
92 8
93 3
94 3
95 1
97 4
98 3
100 2
101 4
104 4
105 4
109 2
113 2
115 4
119 2
121 1
124 2
126 2
130 1
131 1
134 4
140 4
142 4
144 3
149 4
198 3
210 2
211 1
214 4
218 2
222 3
223 2
225 1
226 1
229 2
231 1
234 2
285 3
289 3
296 1
297 8
fl=./elf/../sysdeps/x86/dl-cacheinfo.h
fn=get_common_cache_info.constprop.0
481 9
496 1
497 1
498 2
499 1
505 1
507 8
510 4
521 1
526 3
530 2
535 6
538 23
545 8
548 26
553 2
557 3
558 1
562 6
566 3
569 4
570 1
575 4
581 4
589 7
591 2
593 5
595 12
597 1
598 1
599 9
601 4
604 2
609 1
611 5
612 3
613 1
616 2
619 2
626 1
628 4
629 1
634 2
639 2
640 1
641 2
642 3
643 2
681 4
682 5
686 2
693 1
694 1
695 7
fn=handle_intel.constprop.0
250 96
255 24
261 24
263 12
264 36
266 15
272 60
277 24
279 24
280 12
284 48
286 24
289 60
291 24
294 5
296 2
299 5
301 2
305 3
310 96
fn=init_cpu_features.constprop.0
706 1
708 1
722 2
724 5
725 3
726 4
729 3
731 3
732 1
734 3
736 3
737 1
739 3
741 3
744 3
746 3
748 3
750 4
840 18
863 15
885 2
886 1
893 11
910 4
923 4
931 5
933 2
936 5
938 4
941 5
942 5
946 6
947 3
953 8
956 15
957 9
958 12
961 8
963 8
967 7
970 1
fn=intel_check_word.constprop.0
110 690
113 345
119 104
123 78
125 15
129 156
131 154
133 63
135 126
143 126
152 54
155 120
158 99
162 64
164 186
166 84
168 44
169 32
170 10
172 11
174 22
176 12
177 16
178 12
179 20
180 14
181 12
183 8
184 12
187 21
194 204
202 200
216 51
246 104
fl=./elf/../sysdeps/x86/dl-cet.c
fn=_dl_cet_check
41 2
42 1
44 1
45 1
48 4
49 2
51 1
62 2
252 8
254 8
fl=./elf/../sysdeps/x86/dl-get-cpu-features.c
fn=__x86_cpu_features
39 3
71 3
fn=_dl_x86_init_cpu_features
37 1
39 3
41 1
fl=./elf/../sysdeps/x86/dl-hwcap.h
fn=_dl_important_hwcaps
57 3
fl=./elf/../sysdeps/x86/dl-procinfo.h
fn=_dl_load_cache_lookup
39 8
42 28
fl=./elf/../sysdeps/x86/dl-prop.h
fn=_dl_map_object_from_fd
95 36
100 4
101 8
102 4
103 4
105 28
108 12
109 8
110 8
114 12
118 12
121 12
122 8
126 4
127 16
131 16
132 6
135 12
138 6
139 24
144 12
146 24
151 12
164 12
165 14
166 4
170 6
185 12
187 16
192 4
193 16
198 16
200 16
201 4
203 4
212 12
213 4
fn=dl_main
36 1
37 24
40 8
49 47
53 39
71 3
95 8
100 1
101 2
102 1
103 1
105 9
108 3
109 2
110 2
114 3
118 3
121 3
122 2
126 1
127 4
131 6
132 2
135 4
138 2
139 8
144 4
146 8
151 4
164 4
165 4
166 2
170 3
185 3
187 4
192 1
193 4
198 4
200 4
201 1
203 2
212 5
213 2
fl=./elf/../sysdeps/x86/get-isa-level.h
fn=_dl_hwcaps_subdirs_active
30 2
31 3
32 3
36 3
39 4
40 4
45 4
48 2
49 3
51 4
52 2
53 2
56 2
59 2
fn=update_active.constprop.0
28 1
30 2
31 2
32 3
36 3
38 1
39 3
40 4
45 4
47 1
48 2
49 3
51 4
52 2
53 2
55 1
56 2
59 2
fl=./elf/../sysdeps/x86_64/dl-hwcaps-subdirs.c
fn=_dl_hwcaps_subdirs_active
29 1
38 3
43 1
48 1
52 1
fl=./elf/../sysdeps/x86_64/dl-irel.h
fn=_dl_fixup
32 4
fl=./elf/../sysdeps/x86_64/dl-machine.h
fn=_dl_fixup
229 118
fn=_dl_relocate_object
71 24
77 16
81 12
87 4
95 12
115 8
117 8
119 20
262 6826
283 6826
287 6826
294 141938
296 27194
299 13579
300 4
301 5
304 2
305 3
316 4
323 4
326 20478
360 6
361 9
368 6
370 4
379 4
422 54
426 72
431 54
440 36
450 10164
474 28
484 18
507 4
508 6
509 2
510 4
529 6327
530 2109
534 4218
535 4218
545 2346
549 2232
552 3348
553 1116
579 114
581 57
582 57
fn=_dl_start
45 1
71 1
287 21
296 70
299 14
326 47
346 12
347 6
414 1
534 284
535 426
fn=_dl_sysdep_start
215 1
fl=./elf/../sysdeps/x86_64/dl-runtime.h
fn=_dl_fixup
28 118
fl=./elf/../sysdeps/x86_64/dl-trampoline.h
fn=_dl_runtime_resolve_xsave
67 118
72 118
75 118
77 118
87 118
93 118
94 118
95 118
96 118
97 118
98 118
99 118
103 118
104 118
107 118
108 118
110 118
111 118
112 118
113 118
114 118
115 118
117 118
124 118
125 118
126 118
127 118
132 118
133 118
134 118
136 118
137 118
138 118
139 118
140 118
141 118
142 118
144 118
146 118
150 118
152 118
fl=./elf/../sysdeps/x86_64/tls_get_addr.S
fn=__tls_get_addr
29 2
30 2
31 2
33 2
34 2
35 2
38 2
39 2
43 2
44 2
45 2
46 2
fl=./elf/./dl-find_object.h
fn=_dl_find_object_from_map
95 16
96 16
97 8
103 40
104 220
105 152
107 24
112 8
fl=./elf/./dl-hwcaps.h
fn=_dl_important_hwcaps
54 12
56 8
57 1
88 9
89 8
90 6
fl=./elf/./dl-load.h
fn=_dl_map_object_from_fd
91 36
92 15
94 36
95 20
96 24
97 16
99 16
fl=./elf/./dl-main.h
fn=dl_main
109 5
fl=./elf/./dl-map-segments.h
fn=_dl_map_object_from_fd
28 15
29 36
36 5
37 7
41 2
44 4
45 8
46 2
49 4
55 3
56 7
58 6
59 2
60 2
61 3
96 10
102 5
103 13
106 15
107 10
109 10
116 24
119 21
126 5
128 5
136 90
138 52
140 143
141 13
150 72
156 5
157 5
158 25
159 10
166 10
169 10
177 35
178 10
183 10
187 16
190 4
195 18
fl=./elf/./dl-sym-post.h
fn=lookup_malloc_symbol
41 8
53 12
fl=./elf/./dl-tunable-types.h
fn=__GI___tunable_set_val
90 10
fl=./elf/./elf/dl-audit.c
fn=_dl_audit_activity_map
28 6
29 1
30 3
36 6
fn=_dl_audit_activity_nsid
40 18
44 12
45 3
46 12
50 18
fn=_dl_audit_objclose
96 7
97 28
fn=_dl_audit_objopen
76 5
77 20
fn=_dl_audit_preinit
117 1
118 4
fl=./elf/./elf/dl-cache.c
fn=_dl_cache_libcmp
370 90
371 368
373 495
375 173
381 12
382 12
383 151
385 151
387 8
393 322
395 322
396 78
399 135
400 135
403 42
fn=_dl_load_cache_lookup
194 52
208 4
212 32
218 48
219 8
221 20
228 68
230 98
231 52
235 52
239 78
240 52
248 16
250 8
253 8
255 24
257 4
267 8
277 8
278 12
294 8
303 8
306 8
308 12
309 8
314 24
315 16
322 8
343 16
359 22
360 14
362 16
416 40
418 8
421 12
424 5
432 5
433 8
436 7
437 1
444 1
445 2
490 9
495 12
498 12
513 8
525 72
526 16
527 4
528 32
fn=_dl_unload_cache
537 2
538 4
540 2
541 1
545 1
547 2
fl=./elf/./elf/dl-call-libc-early-init.c
fn=_dl_call_libc_early_init
27 4
29 2
33 7
37 2
39 4
40 2
41 3
fl=./elf/./elf/dl-debug.c
fn=_dl_debug_initialize
56 1
57 1
59 2
61 1
63 3
64 2
85 2
90 3
91 2
92 1
95 2
96 6
99 2
107 2
fn=_dl_debug_state
116 2
117 2
fn=_dl_debug_update
38 6
40 12
41 6
44 12
48 6
fl=./elf/./elf/dl-deps.c
fn=_dl_map_object_deps
144 6
145 8
146 5
148 3
152 8
159 15
160 22
176 7
177 1
180 1
198 2
199 3
200 2
202 1
204 19
206 7
209 7
213 28
214 46
217 15
221 15
224 22
226 25
231 10
232 5
233 10
237 578
238 279
244 108
246 12
248 48
249 24
258 12
260 24
265 35
268 5
269 5
270 5
271 10
273 5
275 25
279 36
280 24
282 375
298 1
380 12
433 21
435 15
438 10
439 10
445 5
446 25
447 25
450 5
451 5
455 28
457 7
458 32
464 6
465 1
468 4
479 3
481 2
486 5
487 1
488 9
490 27
494 7
499 14
501 15
506 7
509 2
560 2
561 3
598 3
599 2
602 1
613 5
618 8
619 4
623 1
625 1
626 1
627 2
634 3
637 3
640 8
fn=openaux
61 36
64 132
65 12
68 12
69 24
fl=./elf/./elf/dl-environ.c
fn=_dl_next_ld_env_entry
28 2
29 2
32 169
34 110
35 14
37 1
40 2
42 1
45 54
49 1
fl=./elf/./elf/dl-error-skeleton.c
fn=_dl_catch_error
225 10
227 2
228 2
229 2
230 2
232 5
fn=_dl_catch_exception
175 78
178 26
180 26
199 13
200 26
203 26
206 91
208 39
209 26
210 52
219 52
fn=_dl_receive_error
238 6
239 1
240 1
243 1
244 1
246 1
248 1
249 1
250 4
fl=./elf/./elf/dl-find_object.c
fn=_dl_find_object_init
561 4
564 1
566 2
573 2
579 2
580 3
582 2
585 2
590 1
591 1
594 3
596 2
599 6
601 1
604 4
fn=_dlfo_process_initial
474 4
475 2
477 2
478 4
481 6
485 2
486 8
487 82
488 52
490 24
493 28
495 40
499 16
504 24
505 34
506 14
508 52
511 48
513 36
515 12
516 12
517 24
529 2
531 8
fn=_dlfo_sort_mappings
536 1
537 2
540 40
544 18
545 180
546 237
553 36
554 45
555 18
557 1
fl=./elf/./elf/dl-fini.c
fn=_dl_fini
31 9
48 7
51 7
54 2
56 1
59 2
61 6
66 1
68 3
73 17
78 25
80 14
82 14
84 14
85 7
86 7
90 7
92 6
93 6
99 5
108 2
113 27
115 7
117 21
120 14
123 21
124 6
127 10
138 20
139 5
140 10
141 50
142 10
146 15
147 15
153 14
158 7
162 5
168 6
174 2
181 8
fl=./elf/./elf/dl-hwcaps.c
fn=_dl_important_hwcaps
55 16
57 2
58 6
59 2
80 16
82 2
83 16
87 2
89 6
90 2
91 2
103 6
105 2
108 3
111 1
115 4
128 12
130 12
131 8
132 2
133 2
136 2
145 15
146 4
154 2
158 7
159 2
160 3
164 1
165 3
166 2
175 14
176 7
178 2
179 4
204 2
205 3
215 3
216 6
220 19
221 6
222 4
225 3
228 21
230 9
231 4
233 6
234 2
235 6
236 2
238 3
240 4
241 2
242 1
245 5
246 1
249 2
252 3
253 5
256 8
257 3
259 2
260 8
261 4
262 4
272 4
276 10
282 2
283 2
291 3
304 2
306 1
315 2
328 1
331 2
338 1
341 2
344 14
347 17
348 17
349 5
352 12
354 5
359 34
360 8
364 23
367 48
368 72
369 48
371 9
374 3
375 2
376 15
378 6
379 2
381 1
382 7
389 22
390 4
392 8
395 4
401 9
fl=./elf/./elf/dl-hwcaps_split.c
fn=_dl_hwcaps_contains
66 6
67 12
68 6
77 6
fn=_dl_hwcaps_split
25 4
26 3
27 1
47 4
fn=_dl_hwcaps_split_masked
26 42
30 24
34 72
35 12
36 24
41 27
42 18
43 9
45 6
51 55
55 5
56 18
57 27
58 54
62 44
fl=./elf/./elf/dl-init.c
fn=_dl_init
31 48
33 44
77 12
78 1
79 1
82 3
85 2
90 2
115 1
116 26
117 14
123 8
fn=call_init.part.0
26 63
39 21
42 21
43 2
47 12
55 18
56 24
59 6
60 12
66 15
68 10
69 109
70 84
72 42
fl=./elf/./elf/dl-load.c
fn=_dl_dst_count
238 72
241 24
244 24
245 12
264 84
fn=_dl_init_paths
706 13
720 4
725 1
727 2
734 5
735 2
739 4
741 4
747 1
748 1
756 8
758 8
759 4
761 5
762 7
763 7
766 9
767 10
768 18
770 26
776 1
777 1
782 1
785 3
787 4
789 3
806 1
808 3
822 2
825 3
856 1
857 8
fn=_dl_map_object
682 36
696 20
2022 130
2024 5
2030 26
2031 52
2034 254
2039 406
2041 290
2045 100
2046 150
2049 140
2050 84
2051 112
2068 35
2069 15
2077 15
2092 5
2094 25
2098 16
2100 8
2107 16
2111 8
2112 4
2116 12
2117 4
2131 20
2132 40
2133 4
2142 8
2157 12
2164 8
2165 4
2173 4
2187 8
2189 12
2193 12
2195 8
2199 8
2207 12
2230 28
2234 12
2235 8
2252 8
2258 1
2259 4
2260 2
2261 3
2265 6
2268 3
2280 20
2282 16
2326 10
2327 75
2329 117
fn=_dl_map_object_from_fd
944 70
954 15
961 20
975 1
999 95
1000 40
1018 10
1046 20
1056 10
1063 40
1064 10
1075 15
1076 20
1077 10
1079 15
1080 20
1081 8
1084 17
1085 6
1096 10
1098 5
1100 110
1101 5
1102 5
1103 5
1104 5
1110 190
1111 466
1117 10
1124 12
1125 15
1126 50
1131 2
1132 1
1137 123
1145 36
1146 136
1147 54
1148 54
1149 36
1151 126
1153 36
1157 36
1158 65
1162 36
1163 144
1173 18
1176 6
1180 8
1181 2
1185 10
1186 4
1189 2
1194 8
1195 10
1201 25
1209 10
1210 5
1213 20
1218 15
1228 82
1229 36
1235 10
1245 20
1252 35
1268 20
1269 15
1275 18
1276 10
1278 10
1288 15
1307 15
1309 25
1361 15
1362 4
1368 170
1369 257
1375 71
1380 20
1393 10
1395 20
1397 10
1413 10
1417 10
1418 10
1435 10
1436 1
1439 10
1444 10
1454 10
1461 30
1462 15
1463 36
1464 12
1465 5
1471 10
1472 8
1477 4
1484 15
1487 20
1506 22
1510 35
1511 20
1515 45
fn=_dl_process_pt_gnu_property
868 10
869 10
870 5
876 10
882 25
885 15
886 10
887 10
930 5
fn=expand_dynamic_string_token
241 3
244 2
385 9
399 2
410 7
fn=open_verify.constprop.0
1568 44
1607 12
1626 20
1628 8
1633 4
1639 4
1640 4
1645 40
1647 8
1649 8
1651 8
1657 8
1674 65
1748 8
1753 8
1755 16
1761 8
1767 20
1768 16
1769 6
1772 16
1773 9
1789 243
1790 102
1791 32
1795 32
1796 18
1801 4
1802 32
1812 28
1820 72
1822 8
1823 72
1826 24
1831 2
1832 16
1835 4
1838 6
1839 10
1840 4
1841 6
1842 6
1856 36
fn=open_verify.constprop.1
1568 11
1607 3
1626 5
1628 2
1633 1
1639 1
1640 1
1645 10
1647 2
1649 2
1651 2
1657 2
1674 14
1748 2
1753 2
1755 4
1761 2
1767 5
1768 4
1769 2
1789 46
1790 17
1791 4
1795 4
1796 3
1820 9
1822 1
1823 9
1826 3
1832 2
1856 9
fl=./elf/./elf/dl-lookup-direct.c
fn=_dl_lookup_direct
32 15
33 9
35 6
36 6
48 12
51 6
53 18
57 9
58 21
59 15
74 36
76 6
78 21
79 6
81 12
84 25
86 9
93 6
115 3
116 27
fl=./elf/./elf/dl-lookup.c
fn=_dl_lookup_symbol_x
204 13380
580 4460
581 390796
582 381876
583 2230
840 31220
842 4460
843 4460
846 2230
850 17786
852 13380
853 4460
855 4460
859 4535
860 37910
865 6690
867 90
884 2230
885 45
888 4460
889 15489
896 2215
929 8860
943 6645
944 2
946 6645
953 20070
1008 4430
fn=check_match
70 28899
73 15561
78 2214
86 11090
89 4928
93 2218
94 4436
96 4430
115 4430
116 17720
117 11060
118 6
119 6
144 6
146 18
147 12
150 2
151 7
153 3
155 14
162 13338
fn=do_lookup_x
170 301
171 1138
172 940
174 98
175 294
176 528
179 152
180 152
182 152
183 70
222 488
224 1342
226 366
227 122
228 366
230 2684
231 726
234 759
235 413
237 200
247 40
248 80
250 160
251 40
254 426
257 132
258 396
259 132
262 1134
269 10
272 4
279 286
280 276
281 350
285 16
286 2
288 2
289 6
305 3
313 2
315 2
318 1
319 1
320 2
323 574
324 492
331 328
342 410
347 164
349 328
363 28990
364 2230
370 2230
374 14252
377 14252
381 27632
385 14252
389 14252
395 21378
399 7126
400 7126
403 35630
404 21378
407 7126
408 14252
410 7126
411 6690
412 14252
415 35630
418 49882
421 4674
422 9348
423 4674
425 27972
428 28700
430 6669
431 31122
432 4446
435 6669
438 10596
452 17712
469 235
471 2
477 4430
528 4430
535 11488
539 4491
551 4186
552 2093
553 4430
570 14733
573 15
574 17840
fl=./elf/./elf/dl-minimal-malloc.c
fn=__minimal_calloc
78 85
82 17
85 17
86 51
fn=__minimal_free
95 7
97 28
fn=__minimal_malloc
35 195
36 117
41 3
42 2
43 2
47 156
50 261
55 12
56 12
58 3
59 24
61 6
63 6
65 8
68 40
69 43
71 156
fl=./elf/./elf/dl-minimal.c
fn=__rtld_malloc_init_real
76 8
86 2
87 1
89 1
91 6
92 5
93 5
94 4
99 1
100 1
101 1
102 1
103 7
fn=__rtld_malloc_init_stubs
42 1
43 2
44 2
45 2
46 2
47 1
fn=lookup_malloc_symbol
61 28
63 4
64 28
68 28
69 28
71 4
72 20
fl=./elf/./elf/dl-misc.c
fn=_dl_higher_prime_number
87 2
124 2
125 2
127 26
129 80
130 37
131 6
145 2
146 2
fn=_dl_name_match_p
68 744
69 496
70 20
72 124
74 488
75 700
80 120
82 104
83 496
fn=_dl_sysdep_read_whole_file
36 9
39 3
40 2
42 6
44 2
47 2
49 8
60 3
63 7
fl=./elf/./elf/dl-object.c
fn=_dl_add_to_namespace_list
31 36
33 18
35 47
38 80
40 5
42 5
45 2
46 18
47 12
48 12
50 12
51 18
fn=_dl_new_object
59 84
62 12
64 2
66 3
67 2
71 2
77 5
80 10
83 20
87 10
92 11
95 12
98 6
99 6
100 12
103 12
104 42
106 6
119 22
125 1
127 42
130 12
131 17
132 6
136 6
139 75
141 16
149 12
150 6
153 1
155 36
157 20
160 14
164 20
168 30
176 2
179 12
189 18
191 25
195 15
200 20
208 5
212 5
245 20
250 168
251 168
253 10
256 5
259 5
263 54
fl=./elf/./elf/dl-profstub.c
fn=_dl_mcount_wrapper_check
36 256
37 384
39 128
fl=./elf/./elf/dl-reloc.c
fn=_dl_relocate_object
194 91
204 12
205 21
208 14
210 21
212 7
213 21
232 14
238 35
239 14
240 2
242 14
249 28
288 410
291 42
308 3218
315 7
318 14
335 21
337 56
343 42
346 14
350 14
351 42
fl=./elf/./elf/dl-runtime.c
fn=_dl_fixup
46 944
48 590
49 354
54 118
55 472
56 826
58 236
63 236
67 236
69 472
71 354
75 354
76 472
84 118
85 354
95 1298
99 590
109 1180
124 472
125 8
133 354
159 354
163 708
fl=./elf/./elf/dl-setup_hash.c
fn=_dl_setup_hash
25 14
28 21
31 21
32 14
33 7
34 7
36 21
37 7
38 21
40 28
41 14
45 21
50 7
fl=./elf/./elf/dl-sort-maps.c
fn=_dl_sort_maps
145 70
186 2
187 50
188 28
223 38
228 4
230 2
231 16
233 36
235 14
238 28
256 4
269 2
276 10
290 22
298 6
302 18
fn=_dl_sort_maps_init
281 2
282 4
283 1
284 3
285 2
fn=dfs_traversal.part.0
140 112
148 14
150 42
152 176
155 66
161 49
176 42
177 14
178 84
fl=./elf/./elf/dl-tunables.c
fn=__GI___tunable_set_val
102 45
111 5
112 25
113 40
116 15
119 10
123 10
130 10
131 10
134 30
135 5
136 5
137 5
157 25
161 5
fn=__GI___tunables_init
71 280
74 110
77 4774
81 110
86 220
273 7
282 9
305 7700
311 12100
323 220
357 8
fn=__tunable_get_val
405 36
408 390
417 46
427 26
428 26
434 180
436 36
fl=./elf/./elf/dl-tunables.h
fn=__GI___tunable_set_val
121 10
122 5
131 20
fn=__GI___tunables_init
140 715
141 2236
fl=./elf/./elf/dl-version.c
fn=_dl_check_all_versions
361 6
363 2
365 26
366 7
367 63
370 7
fn=_dl_check_map_versions
36 192
37 54
38 330
56 164
64 123
70 123
86 41
87 82
89 41
94 1453
108 1166
110 41
113 340
120 1626
124 542
142 24
155 70
156 7
164 7
170 21
172 35
174 14
175 14
177 14
180 15
184 15
197 7
198 7
200 24
208 36
213 48
217 373
219 41
221 111
224 164
227 123
232 29
236 48
241 14
250 15
253 20
256 484
259 363
263 116
267 12
272 6
273 12
274 12
284 6
287 30
289 18
292 20
294 7
296 36
299 123
301 164
303 205
304 82
305 123
306 123
309 123
314 29
317 36
322 7
327 18
330 20
334 116
336 242
340 116
341 580
342 348
343 116
346 363
350 116
356 63
fl=./elf/./elf/do-rel.h
fn=_dl_relocate_object
49 42
50 14
52 10
53 12
60 42
63 3551
65 4692
67 171
76 24
77 193
78 114
86 60
88 20
100 30
110 16
113 6349
114 4218
120 40
124 32
126 10243
128 17045
129 13636
130 10227
131 13636
133 10227
135 10
138 2
142 3407
145 10278
146 81
158 30
159 16
160 6
163 6
165 8
166 2
167 6
175 25
177 42
178 12
180 18
188 6
191 18
205 4
fn=_dl_start
49 4
50 1
86 10
88 4
113 431
114 284
118 4
126 28
128 21
129 14
130 14
fl=./elf/./elf/get-dynamic-info.h
fn=_dl_map_object_from_fd
39 10
43 5
45 515
49 250
54 129
55 88
56 25
58 5
59 25
61 5
62 25
64 25
68 125
72 20
82 17
83 20
84 20
85 20
87 20
92 19
93 19
94 20
97 15
102 8
109 10
110 15
132 15
137 4
139 4
141 4
143 4
147 15
149 3
150 2
159 2
160 3
165 3
169 10
fl=./elf/./elf/libc_early_init.c
fn=__libc_early_init
33 7
35 1
38 2
41 1
47 4
49 2
fl=./elf/./elf/rtld.c
fn=_dl_start
85 8
488 3
489 1
490 6
492 2
501 1
507 4
509 2
527 10
553 1
556 2
557 1
573 56
575 1
588 1
592 2
607 9
fn=dl_main
85 16
92 12
93 2
101 7
205 2
207 1
232 2
233 4
234 4
304 3
310 1
311 2
862 1
864 1
870 1
873 1
875 1
880 1
1140 2
1143 1
1146 1
1148 2
1150 1
1151 1
1166 1
1169 46
1170 117
1174 3
1179 3
1180 9
1189 2
1190 2
1192 1
1199 3
1211 1
1217 1
1225 8
1226 18
1227 8
1228 1
1230 12
1231 14
1232 2
1235 8
1236 8
1237 4
1238 10
1239 1
1243 12
1271 2
1275 4
1277 1
1281 26
1282 61
1288 17
1294 3
1297 4
1299 3
1301 2
1320 14
1325 1
1326 1
1332 1
1348 3
1349 4
1627 10
1629 2
1630 2
1631 2
1632 3
1636 3
1637 2
1662 3
1663 6
1664 3
1665 3
1668 1
1670 1
1671 1
1673 2
1674 2
1678 2
1680 2
1688 3
1695 2
1698 2
1723 9
1731 4
1733 1
1738 2
1741 4
1742 4
1743 2
1744 1
1745 1
1746 1
1751 2
1752 3
1764 2
1765 2
1767 2
1769 1
1770 3
1775 5
1776 5
1778 4
1784 2
1786 3
1793 2
1797 1
1798 2
1822 2
1828 2
1829 1
1830 1
1834 3
1839 3
1841 1
1843 2
1847 5
1852 2
1868 6
1944 4
1948 19
1949 1
1952 3
1953 1
1954 2
1955 2
1960 3
1970 8
1976 31
1977 17
1980 4
1981 3
1982 1
1984 23
1985 22
1995 2
1997 3
1998 2
2000 2
2002 3
2004 3
2005 1
2006 2
2018 2
2019 2
2020 3
2031 4
2032 4
2033 5
2043 2
2044 2
2045 4
2047 2
2052 3
2282 3
2331 1
2338 2
2342 2
2348 2
2351 2
2359 2
2361 2
2415 3
2418 1
2422 1
2423 35
2425 14
2430 14
2432 16
2434 1
2435 1
2438 7
2440 21
2441 48
2445 18
2446 6
2454 2
2459 4
2461 1
2468 3
2471 2
2481 3
2483 4
2493 1
2498 2
2501 1
2507 1
2508 5
2516 3
2523 1
2527 3
2532 3
2533 1
2534 1
2535 1
2539 1
2544 8
2677 3
2679 1
2683 6
2685 11
2687 1
2689 41
2690 7
2698 7
2719 2
2726 6
2728 2
2729 1
2818 1
2829 1
2845 4
2877 2
fn=handle_preload_list
191 3
831 1
835 1
836 2
837 1
839 1
841 7
842 3
850 3
894 12
895 3
899 5
902 4
903 3
905 5
906 2
912 1
914 2
916 2
917 1
920 9
fn=init_tls
756 3
758 2
762 3
768 2
771 1
772 1
773 1
777 1
779 1
783 2
784 2
785 18
786 7
787 14
791 6
793 2
795 3
798 2
801 1
808 2
809 2
815 2
818 8
821 1
822 1
825 5
fn=map_doit
663 3
665 4
666 6
668 2
fn=version_check_doit
696 3
698 6
702 2
fl=./elf/./get-dynamic-info.h
fn=_dl_start
45 75
49 36
54 21
55 14
56 5
58 1
59 5
61 1
62 5
64 5
68 19
72 3
82 4
83 4
84 4
85 4
87 4
92 4
93 4
94 4
97 3
102 2
109 3
110 3
118 2
119 2
124 3
127 3
fn=dl_main
39 3
43 1
45 119
49 58
54 25
55 17
56 5
58 1
59 5
61 1
62 5
64 5
68 29
72 5
82 3
83 4
84 4
85 4
87 4
92 4
93 4
94 5
97 3
102 2
109 2
110 3
132 3
137 2
139 2
141 2
143 2
144 1
147 3
149 3
150 2
159 2
160 3
165 2
166 2
169 2
fl=./elf/./setup-vdso.h
fn=dl_main
24 2
fl=./iconv/./iconv/gconv_simple.c
fn=__gconv_btwoc_ascii
49 128
51 512
54 128
fl=./io/../sysdeps/unix/sysv/linux/access.c
fn=access
25 1
27 7
31 1
fl=./io/../sysdeps/unix/sysv/linux/close_nocancel.c
fn=__GI___close_nocancel
25 6
26 24
27 6
fn=__close_nocancel
25 1
26 4
27 1
fl=./io/../sysdeps/unix/sysv/linux/fstat64.c
fn=fstat
29 12
30 12
35 18
fl=./io/../sysdeps/unix/sysv/linux/fstatat64.c
fn=fstatat
98 12
153 12
168 18
169 6
fl=./io/../sysdeps/unix/sysv/linux/open64.c
fn=open
30 10
33 3
36 5
37 1
38 1
41 10
43 7
fl=./io/../sysdeps/unix/sysv/linux/open64_nocancel.c
fn=__open_nocancel
28 24
31 42
39 42
41 6
fl=./io/../sysdeps/unix/sysv/linux/pread64_nocancel.c
fn=__pread64_nocancel
25 8
26 16
27 4
fl=./io/../sysdeps/unix/sysv/linux/read_nocancel.c
fn=__read_nocancel
25 5
26 20
27 5
fl=./io/../sysdeps/unix/sysv/linux/write.c
fn=write
25 7
26 49
27 7
fl=./libio/./libio/fileno.c
fn=fileno
32 7
35 35
42 7
fl=./libio/./libio/fileops.c
fn=_IO_file_close
1164 1
1167 2
fn=_IO_file_close_it@@GLIBC_2.2.5
128 4
130 3
133 2
134 3
137 1
139 2
142 7
145 3
153 5
154 4
157 2
158 1
159 1
160 1
162 2
163 5
fn=_IO_file_finish@@GLIBC_2.2.5
168 5
169 2
175 3
176 3
fn=_IO_file_fopen@@GLIBC_2.2.5
213 11
222 2
224 11
247 8
280 5
283 2
286 4
287 2
356 12
fn=_IO_file_open
182 9
184 2
185 1
188 2
189 2
191 1
192 6
195 3
205 2
206 1
207 4
fn=_IO_file_sync@@GLIBC_2.2.5
792 50
797 40
799 10
800 20
811 20
815 40
fn=_IO_new_file_init_internal
106 3
110 1
111 1
113 1
114 1
115 2
fl=./libio/./libio/genops.c
fn=_IO_cleanup
786 6
787 11
790 12
799 9
801 6
838 3
842 9
843 2
863 11
866 3
878 12
fn=_IO_default_finish
54 2
601 3
603 3
609 3
612 3
624 2
fn=_IO_default_xsputn
371 14
374 28
393 14
404 14
fn=_IO_flush_all_lockp
686 12
687 1
691 6
692 11
695 12
697 3
698 6
701 21
709 6
711 3
715 9
716 2
720 12
fn=_IO_link_in
87 20
88 8
90 2
92 7
93 12
94 1
95 13
97 2
98 1
100 13
101 1
102 7
103 2
106 21
fn=_IO_no_init
563 80
564 8
565 8
566 16
568 1
572 6
579 1
581 1
586 14
587 8
588 48
fn=_IO_old_init
531 8
532 16
534 48
539 56
544 8
550 16
555 24
556 2
558 8
fn=_IO_setb
329 72
330 46
332 8
335 48
338 32
fn=_IO_un_link
53 2
54 4
82 2
fn=_IO_unsave_markers
960 3
962 2
967 3
969 2
fn=__GI__IO_un_link.part.0
52 9
58 6
59 12
60 1
61 14
63 3
65 2
66 2
74 3
76 13
77 1
78 9
79 2
82 9
fl=./libio/./libio/iofclose.c
fn=fclose@@GLIBC_2.2.5
34 5
48 3
49 1
51 14
52 3
53 3
57 4
58 3
71 2
76 5
fl=./libio/./libio/iofflush.c
fn=fflush
32 40
33 20
39 140
40 50
44 50
fl=./libio/./libio/iofopen.c
fn=fopen@@GLIBC_2.2.5
37 2
65 2
67 3
70 2
72 7
73 2
74 2
75 7
85 8
87 7
fl=./libio/./libio/libioP.h
fn=_IO_cleanup
940 4
fn=_IO_file_close_it@@GLIBC_2.2.5
940 3
942 2
943 2
fn=_IO_flush_all_lockp
940 4
fn=fclose@@GLIBC_2.2.5
855 4
856 4
862 2
883 7
884 7
940 3
942 2
943 2
fn=fflush
883 20
884 90
940 30
942 20
943 20
fl=./libio/./libio/strops.c
fn=_IO_str_init_static_internal
36 98
40 14
42 7
43 35
46 35
50 70
51 21
64 7
65 49
fl=./libio/./libio/vsnprintf.c
fn=__vsnprintf_internal
95 98
99 7
104 21
110 56
111 14
112 7
113 49
114 35
116 21
117 14
119 77
fn=vsnprintf
123 7
124 14
fl=./libio/./libio/vtables.c
fn=check_stdfiles_vtables
83 1
84 4
85 3
86 3
88 1
fl=./locale/./locale/newlocale.c
fn=newlocale
43 17
55 2
56 2
63 2
66 3
72 2
73 7
75 1
277 12
fl=./locale/./locale/uselocale.c
fn=uselocale
30 16
31 48
33 32
36 32
37 16
65 48
66 48
68 48
72 48
73 16
fl=./malloc/./malloc/arena.c
fn=free
162 237
fn=malloc
162 84
315 1
fn=ptmalloc_init.part.0
313 6
318 1
343 2
347 3
352 4
353 4
354 4
355 4
356 4
357 4
358 4
360 4
361 4
362 4
365 4
366 4
367 2
430 7
fn=sysmalloc
565 5
fl=./malloc/./malloc/malloc.c
fn=_int_free
2012 72
3181 110
3183 220
3184 55
3185 110
4421 869
4431 237
4437 395
4438 158
4442 316
4449 158
4450 553
4453 55
4459 165
4479 275
4482 55
4493 48
4569 48
4572 24
4575 120
4578 24
4582 72
4585 96
4587 72
4590 72
4593 48
4594 48
4595 48
4601 48
4602 19
4603 19
4604 19
4605 76
4607 38
4610 48
4615 40
4619 20
4627 20
4628 80
4629 40
4631 20
4633 40
4635 60
4638 20
4639 20
4641 60
4642 20
4653 4
4654 12
4655 8
4672 48
4673 18
4676 18
4678 30
4680 9
4692 72
4702 869
fn=_int_malloc
1343 86
1362 212
2005 129
3181 51
3183 34
3771 387
3811 86
3838 92
3843 9
3845 30
3853 9
3901 74
3903 11
3904 37
3906 33
3963 1220
3964 96
3965 3
3982 212
3983 129
3984 129
3988 43
3993 17
3994 223
3996 17
3997 68
3998 17
4000 34
4001 51
4003 17
4004 68
4006 68
4008 34
4009 34
4011 34
4022 68
4025 34
4053 17
4054 17
4058 34
4061 172
4067 51
4087 34
4095 249
4096 68
4097 17
4100 34
4144 51
4147 102
4149 68
4150 17
4151 17
4156 34
4157 34
4158 51
4166 51
4183 86
4185 128
4188 96
4256 86
4257 86
4258 86
4259 86
4260 129
4265 120
4269 203
4272 139
4274 12
4275 6
4279 128
4281 56
4283 112
4287 8
4290 16
4292 40
4293 8
4294 8
4369 43
4370 86
4372 86
4375 151
4377 32
4378 64
4379 32
4380 256
4382 64
4385 32
4392 33
4397 80
4399 165
4407 55
4408 22
4413 387
fn=free
3352 340
3356 170
3364 170
3366 85
3368 255
3372 18
3374 24
3376 12
3377 12
3378 6
3381 12
3385 237
3391 158
3394 85
3395 340
fn=malloc
1343 172
1362 415
3193 88
3194 88
3196 176
3197 88
3198 44
3241 4
3287 516
3294 172
3304 213
3306 344
3309 172
3311 165
3319 126
3321 168
3322 210
3347 430
fn=munmap_chunk
3044 6
3045 12
3046 18
3048 12
3050 6
3051 12
3052 12
3058 24
3059 30
3062 6
3063 18
3068 12
3069 6
fn=ptmalloc_init.part.0
1966 385
1969 381
1977 1
1978 1
1980 1
3162 7
fn=sysmalloc
2028 24
2548 99
2568 44
2579 22
2580 27
2581 18
2585 30
2594 24
2595 12
2606 5
2607 15
2608 5
2610 10
2617 48
2623 15
2626 15
2687 10
2696 20
2709 15
2713 3
2717 25
2725 10
2727 10
2728 15
2729 10
2730 5
2733 10
2764 10
2765 2
2766 25
2772 18
2773 16
2775 4
2815 3
2837 2
2838 7
2840 2
2841 4
2853 3
2895 1
2896 4
2897 5
2908 2
2941 10
2942 5
2946 4
2947 10
2950 10
2952 5
2953 5
2954 5
2955 40
2956 10
2958 10
2964 121
fn=sysmalloc_mmap.constprop.0
2028 24
2420 18
2433 18
2438 12
2441 60
2444 12
2448 12
2466 18
2484 6
2485 18
2489 18
2490 22
2493 18
2494 30
2499 30
fn=systrim.constprop.0
2977 9
2986 9
2988 3
2989 6
2990 1
2994 9
2995 3
2998 15
3000 6
3007 6
3008 8
3020 6
3021 4
3023 2
3025 4
3029 4
3032 2
3033 8
3035 4
3040 12
fn=tcache_init.part.0
3235 3
3244 8
3245 4
3246 2
3254 4
3261 2
3263 2
3264 88
3267 4
fn=unlink_chunk.constprop.0
1626 19
1628 95
1631 95
1632 19
1634 76
1637 19
1638 19
1639 95
1641 34
1642 102
1645 34
1659 17
1660 34
1663 38
fl=./malloc/./malloc/morecore.c
fn=__glibc_morecore
25 24
26 24
29 12
30 24
34 24
fl=./malloc/./malloc/scratch_buffer_set_array_size.c
fn=__libc_scratch_buffer_set_array_size
30 50
34 5
35 10
45 10
46 5
63 20
fl=./math/../sysdeps/ieee754/dbl-64/e_pow.c
fn=__ieee754_pow_fma
45 7777869
62 2222244
63 2222244
64 2222244
65 3333366
67 2222244
70 5555610
77 3333366
88 2222244
89 1111122
90 2222244
91 2222244
95 1111122
96 1111122
97 1111122
100 1111122
101 1111122
102 2222244
112 8888976
113 4444488
114 1111122
115 2222244
193 1111122
194 3333366
225 4444488
227 1111122
229 2222244
231 1111122
233 3333366
234 2222244
237 1111122
240 1111122
243 8888976
244 2222244
249 2222244
273 6
283 1111125
284 1111125
292 8889000
299 9
301 6
302 12
369 1111122
370 2222244
380 2222250
fl=./math/../sysdeps/ieee754/dbl-64/math_config.h
fn=__ieee754_pow_fma
67 4444494
79 1111122
88 6
fl=./math/../sysdeps/x86_64/fpu/multiarch/e_asin.c
fn=__acos_finite@GLIBC_2.15
35 1
fn=__asin_finite@GLIBC_2.15
27 2
fl=./math/../sysdeps/x86_64/fpu/multiarch/e_atan2.c
fn=__atan2_finite@GLIBC_2.15
26 2
fl=./math/../sysdeps/x86_64/fpu/multiarch/e_exp.c
fn=__exp_finite@GLIBC_2.15
27 2
fl=./math/../sysdeps/x86_64/fpu/multiarch/e_exp2f.c
fn=exp2f@@GLIBC_2.27
27 2
fl=./math/../sysdeps/x86_64/fpu/multiarch/e_expf.c
fn=expf@@GLIBC_2.27
27 2
fl=./math/../sysdeps/x86_64/fpu/multiarch/e_log.c
fn=__log_finite@GLIBC_2.15
27 2
fl=./math/../sysdeps/x86_64/fpu/multiarch/e_log2f.c
fn=log2f@@GLIBC_2.27
27 2
fl=./math/../sysdeps/x86_64/fpu/multiarch/e_logf.c
fn=logf@@GLIBC_2.27
27 2
fl=./math/../sysdeps/x86_64/fpu/multiarch/e_pow.c
fn=__pow_finite@GLIBC_2.15
27 2
fl=./math/../sysdeps/x86_64/fpu/multiarch/e_powf.c
fn=powf@@GLIBC_2.27
30 1
fl=./math/../sysdeps/x86_64/fpu/multiarch/ifunc-avx-fma4.h
fn=__atan2_finite@GLIBC_2.15
32 5
33 2
fn=__exp_finite@GLIBC_2.15
32 5
33 2
fn=__log_finite@GLIBC_2.15
32 5
33 2
fn=cos
32 5
33 2
fn=sin
32 5
33 2
fl=./math/../sysdeps/x86_64/fpu/multiarch/ifunc-fma.h
fn=cosf
29 4
30 3
fn=exp2f@@GLIBC_2.27
29 4
30 3
fn=expf@@GLIBC_2.27
29 4
30 3
fn=log2f@@GLIBC_2.27
29 4
30 3
fn=logf@@GLIBC_2.27
29 4
30 3
fn=powf@@GLIBC_2.27
29 4
30 4
fn=sincosf
29 4
30 3
fn=sinf
29 4
30 3
fl=./math/../sysdeps/x86_64/fpu/multiarch/ifunc-fma4.h
fn=__acos_finite@GLIBC_2.15
31 4
32 2
35 1
fn=__asin_finite@GLIBC_2.15
31 4
32 2
fn=__pow_finite@GLIBC_2.15
31 4
32 2
fl=./math/../sysdeps/x86_64/fpu/multiarch/s_cosf.c
fn=cosf
26 2
fl=./math/../sysdeps/x86_64/fpu/multiarch/s_fma.c
fn=fma
49 6
fl=./math/../sysdeps/x86_64/fpu/multiarch/s_sin.c
fn=cos
34 2
fn=sin
27 2
fl=./math/../sysdeps/x86_64/fpu/multiarch/s_sincosf.c
fn=sincosf
26 2
fl=./math/../sysdeps/x86_64/fpu/multiarch/s_sinf.c
fn=sinf
26 2
fl=./math/./w_pow_template.c
fn=pow@@GLIBC_2.29
31 2222250
32 3333375
33 8889000
45 4444500
49 2222250
fl=./misc/../sysdeps/unix/syscall-template.S
fn=mprotect
117 50
122 10
fn=munmap
117 45
122 9
fl=./misc/../sysdeps/unix/sysv/linux/brk.c
fn=brk
35 8
36 32
37 16
43 8
44 8
fl=./misc/../sysdeps/unix/sysv/linux/mmap64.c
fn=mmap
47 62
50 62
58 124
60 31
fl=./misc/./misc/init-misc.c
fn=__init_misc
30 5
31 5
33 3
37 5
38 3
40 4
fl=./misc/./misc/sbrk.c
fn=sbrk
37 60
40 24
43 24
58 24
59 4
62 24
63 6
66 28
68 4
74 21
78 60
fl=./nptl/../sysdeps/nptl/futex-internal.h
fn=__pthread_once_slow
146 1
147 1
209 8
fl=./nptl/../sysdeps/unix/sysv/linux/x86/elision-conf.c
fn=__lll_elision_init
96 6
101 5
103 4
105 4
107 4
109 4
113 3
114 1
115 6
fl=./nptl/./nptl/alloca_cutoff.c
fn=__libc_alloca_cutoff
27 7
28 63
35 7
fl=./nptl/./nptl/cleanup_compat.c
fn=_pthread_cleanup_pop@@GLIBC_2.34
40 1
43 2
47 2
49 1
fn=_pthread_cleanup_push@@GLIBC_2.34
25 1
28 1
29 1
30 2
32 1
33 1
fl=./nptl/./nptl/libc-cleanup.c
fn=__libc_cleanup_pop_restore
39 4
42 8
44 8
45 8
47 4
fn=__libc_cleanup_push_defer
24 4
27 8
30 16
31 4
33 4
34 4
fl=./nptl/./nptl/pthread_mutex_conf.c
fn=__pthread_tunables_init
50 6
51 5
53 4
55 6
fl=./nptl/./nptl/pthread_mutex_lock.c
fn=pthread_mutex_lock@@GLIBC_2.2.5
44 1
45 8
46 1
77 3
80 3
82 1
84 2
88 2
97 2
108 4
112 1
115 2
130 3
131 2
167 1
170 1
172 1
175 1
177 1
178 3
fl=./nptl/./nptl/pthread_mutex_unlock.c
fn=pthread_mutex_unlock@@GLIBC_2.2.5
39 1
40 5
41 2
51 3
52 2
57 2
62 1
65 1
70 1
74 2
80 4
84 3
87 3
367 2
369 2
fl=./nptl/./nptl/pthread_once.c
fn=__pthread_once_slow
68 9
76 1
80 2
88 2
92 2
101 4
114 13
116 1
118 3
124 1
132 9
fn=pthread_once@@GLIBC_2.34
136 21
139 21
140 42
143 1
144 40
fl=./posix/../malloc/dynarray-skeleton.c
fn=__unregister_atfork
243 5
fl=./posix/../sysdeps/unix/syscall-template.S
fn=uname
120 5
122 1
fl=./posix/../sysdeps/unix/sysv/linux/_exit.c
fn=_Exit
27 2
30 3
31 2
fl=./posix/./posix/register-atfork.c
fn=__unregister_atfork
65 10
76 15
77 20
103 20
104 10
fl=./resource/../sysdeps/unix/sysv/linux/getrlimit64.c
fn=getrlimit
38 2
39 7
40 1
fl=./setjmp/../sysdeps/x86_64/bsd-_setjmp.S
fn=_setjmp
28 1
30 1
32 1
fl=./setjmp/../sysdeps/x86_64/setjmp.S
fn=__sigsetjmp
30 14
32 14
41 14
42 28
43 14
47 14
48 14
49 14
50 14
51 14
53 28
55 14
56 14
57 14
59 28
61 14
66 1
67 1
69 13
72 13
73 13
80 13
81 13
84 1
fl=./setjmp/./setjmp/sigjmp.c
fn=__sigjmp_save
28 3
29 1
30 2
34 3
fl=./stdio-common/../include/../locale/localeinfo.h
fn=__printf_fp_l
315 21
fl=./stdio-common/../include/rounding-mode.h
fn=__printf_fp_l
52 14
fl=./stdio-common/../libio/libioP.h
fn=__vfprintf_internal
940 28
942 42
943 28
fl=./stdio-common/../sysdeps/generic/get-rounding-mode.h
fn=__printf_fp_l
94 7
95 49
fl=./stdio-common/../sysdeps/pthread/allocalim.h
fn=__printf_fp_l
27 14
29 35
fl=./stdio-common/./stdio-common/printf-parse.h
fn=__vfprintf_internal
88 7
111 56
fl=./stdio-common/./stdio-common/printf_fp.c
fn=__printf_fp
1278 21
1279 28
fn=__printf_fp_l
216 112
233 7
234 7
257 7
260 14
266 42
274 7
277 21
280 14
298 21
306 7
387 14
388 14
392 14
396 119
432 35
433 7
434 14
437 126
438 112
439 112
445 7
446 14
449 6
459 6
460 42
463 18
467 24
471 24
472 6
474 36
475 54
476 12
477 30
479 12
484 78
488 462
490 40
493 18
503 14
534 12
535 30
541 48
543 8
546 16
547 16
548 24
551 123
554 59
555 36
556 45
557 36
560 78
562 156
563 12
569 17
573 114
577 18
579 12
595 18
596 18
599 12
600 12
608 12
618 12
636 30
637 12
639 12
640 36
643 30
644 30
649 2
813 7
825 5
826 5
827 2
831 21
840 14
841 42
843 14
847 14
853 14
861 7
873 42
874 35
878 2
881 3
882 1
883 18
887 6
888 12
889 24
895 18
898 42
901 14
915 28
916 7
922 7
932 126
933 35
936 21
939 79
942 116
944 11
946 42
947 53
948 3
960 20
961 27
962 33
963 97
965 5
966 15
967 5
969 20
978 21
979 35
981 56
983 40
986 2
991 10
1097 40
1099 5
1100 5
1104 56
1105 2
1107 21
1120 21
1122 4
1141 4
1142 2
1146 2
1151 3
1160 3
1166 49
1168 49
1170 56
1175 21
1177 14
1180 35
1188 21
1195 21
1200 28
1202 28
1203 14
1207 28
1209 21
1220 112
1227 162
1228 78
1230 52
1233 52
1237 42
1254 427
1257 21
1268 21
1272 84
fn=hack_digit
170 136
173 102
175 102
177 82
178 35
183 54
187 216
189 108
190 27
192 54
193 189
194 54
199 27
200 27
209 7
210 170
fl=./stdio-common/./stdio-common/vfprintf-internal.c
fn=__vfprintf_internal
127 203
239 98
351 21
352 21
354 14
1180 84
1210 35
1214 7
1218 35
1222 35
1233 14
1240 7
1244 42
1248 7
1259 28
1263 28
1267 21
1271 56
1291 7
1292 7
1293 7
1294 7
1295 7
1298 7
1299 7
1300 7
1301 7
1302 7
1303 7
1306 7
1307 14
1313 105
1352 21
1421 7
1422 21
1426 14
1427 28
1442 63
1445 14
1463 126
1499 14
1501 14
1516 21
1532 42
1535 238
1555 119
1556 14
1559 14
1564 14
1583 7
1589 7
1593 28
1595 21
1608 14
1609 14
1612 84
fl=./stdlib/../sysdeps/ieee754/dbl-64/dbl2mpn.c
fn=__mpn_extract_double
33 21
35 7
37 21
38 35
47 21
56 21
103 14
107 14
fl=./stdlib/../sysdeps/unix/sysv/linux/getrandom.c
fn=getrandom
28 1
29 7
30 1
fl=./stdlib/../sysdeps/x86_64/lshift.S
fn=__mpn_lshift
28 7
29 7
30 7
32 7
33 7
34 7
46 7
47 7
48 7
49 7
50 7
51 7
52 7
58 7
59 7
60 7
fl=./stdlib/../sysdeps/x86_64/mul_1.S
fn=__mpn_mul_1
31 15
32 15
35 15
36 15
37 15
38 15
39 15
41 15
42 15
44 15
45 15
46 15
47 15
48 7
50 7
51 7
52 7
53 7
79 8
80 8
81 8
82 8
83 8
84 8
85 8
86 8
87 8
113 8
114 8
115 8
117 8
118 8
119 8
120 8
121 8
122 15
124 15
127 15
fl=./stdlib/../sysdeps/x86_64/rshift.S
fn=__mpn_rshift
28 12
29 12
30 12
31 12
44 12
45 12
61 12
62 12
63 12
64 12
65 12
66 12
67 12
72 12
73 12
74 12
75 12
76 12
fl=./stdlib/./stdlib/cmp.c
fn=__mpn_cmp
31 14
35 52
37 20
38 20
39 40
42 6
47 40
48 6
fl=./stdlib/./stdlib/cxa_atexit.c
fn=__cxa_atexit
41 22
43 66
44 22
46 22
53 33
55 11
56 22
58 11
59 44
60 11
69 99
71 66
fn=__new_exitfn
82 55
83 22
88 22
93 48
95 44
96 50
103 1
106 20
124 1
125 2
131 30
132 20
138 11
139 11
143 55
fl=./stdlib/./stdlib/cxa_finalize.c
fn=__cxa_finalize
30 45
33 30
36 30
40 176
41 108
43 9
45 9
76 9
79 27
82 36
83 27
84 36
88 18
94 35
98 30
105 10
106 10
107 20
108 40
fl=./stdlib/./stdlib/cxa_thread_atexit_impl.c
fn=__call_tls_dtors
149 4
150 4
168 4
fl=./stdlib/./stdlib/divrem.c
fn=__mpn_divrem
46 351
47 27
49 54
62 27
63 27
65 54
67 6
68 12
72 81
76 54
79 27
234 243
fl=./stdlib/./stdlib/exit.c
fn=__run_exit_handlers
40 11
45 2
46 2
48 5
56 1
58 3
62 1
66 27
68 22
71 95
98 1
105 4
106 2
107 2
109 4
112 8
113 6
114 8
124 2
125 2
131 4
133 2
134 9
136 2
fn=exit
142 4
143 4
fl=./stdlib/./stdlib/mul.c
fn=__mpn_mul
48 136
54 16
66 16
71 8
72 16
81 8
83 24
84 8
88 16
142 88
fl=./string/../include/rtld-malloc.h
fn=strdup
56 10
fl=./string/../string/strstr.c
fn=__GI_strstr
77 11
82 3
84 5
85 2
129 1
161 12
fl=./string/../sysdeps/x86/cacheinfo.c
fn=__x86_cacheinfo
86 3
fl=./string/../sysdeps/x86/cacheinfo.h
fn=__x86_cacheinfo
61 1
64 3
66 3
67 1
73 3
75 3
76 1
80 2
82 2
83 2
84 2
86 2
fl=./string/../sysdeps/x86_64/memcmp.S
fn=bcmp
22 1
27 1
28 1
29 1
30 1
31 1
32 1
33 1
34 1
37 1
38 1
39 1
40 1
41 1
42 1
43 1
44 1
45 1
47 1
48 1
65 1
66 1
83 1
84 1
85 1
86 1
87 1
91 1
93 1
94 1
98 1
138 1
139 1
140 1
141 1
142 1
143 1
144 1
145 1
146 1
147 1
148 1
149 1
150 1
fl=./string/../sysdeps/x86_64/multiarch/../strchr.S
fn=index
23 27
24 27
25 27
26 27
27 27
28 27
29 27
30 27
31 27
32 27
33 27
34 27
35 27
36 27
37 27
38 27
39 27
40 27
41 23
45 23
46 23
47 23
48 23
50 23
54 4
55 4
56 4
57 4
58 4
59 4
60 4
61 4
62 4
63 4
64 4
65 4
66 4
67 4
68 4
69 4
70 4
71 4
72 4
73 4
74 4
75 4
76 4
77 6
82 1
83 1
86 1
87 1
88 1
89 1
90 1
91 1
92 1
93 1
94 1
95 1
96 1
97 1
98 1
99 1
100 1
101 1
102 1
103 1
105 1
106 1
108 1
109 1
110 1
111 1
112 1
113 1
114 1
115 1
117 1
118 1
119 1
120 1
121 1
122 1
123 1
124 1
125 1
126 1
129 4
133 4
134 4
135 4
136 4
138 4
fl=./string/../sysdeps/x86_64/multiarch/ifunc-avx2.h
fn=memrchr
32 2
33 5
34 3
36 2
37 2
40 3
43 4
fn=rindex
32 2
33 5
34 3
36 2
37 2
40 3
43 4
fn=strchrnul
32 2
33 5
34 3
36 2
37 2
40 3
43 4
fn=strlen
32 4
33 10
34 6
36 4
37 4
40 6
43 8
fn=strnlen
32 4
33 10
34 6
36 4
37 4
40 6
43 8
fl=./string/../sysdeps/x86_64/multiarch/ifunc-evex.h
fn=memchr
34 4
35 10
36 6
38 4
39 4
41 4
47 6
50 8
fn=rawmemchr
34 2
35 5
36 3
38 2
39 2
41 2
47 3
50 4
fl=./string/../sysdeps/x86_64/multiarch/ifunc-memcmp.h
fn=bcmp
34 8
35 6
36 4
37 6
39 4
40 4
43 6
46 6
fl=./string/../sysdeps/x86_64/multiarch/ifunc-memmove.h
fn=memcpy@@GLIBC_2.14
52 4
53 6
56 6
57 4
70 4
72 4
80 4
88 4
90 10
fn=memmove
52 6
53 9
56 9
57 6
70 6
72 6
80 6
88 6
90 15
fn=mempcpy
52 2
53 3
56 3
57 2
70 2
72 2
80 2
88 2
90 5
fl=./string/../sysdeps/x86_64/multiarch/ifunc-memset.h
fn=memset
50 5
53 3
54 2
60 2
69 2
71 2
81 2
89 2
91 5
fl=./string/../sysdeps/x86_64/multiarch/ifunc-sse4_2.h
fn=strcspn
30 5
fn=strpbrk
30 5
fn=strspn
30 5
fl=./string/../sysdeps/x86_64/multiarch/ifunc-strcasecmp.h
fn=strcasecmp
32 5
fn=strcasecmp_l
32 5
fn=strncasecmp
32 5
fn=strncasecmp_l
32 5
fl=./string/../sysdeps/x86_64/multiarch/ifunc-strcpy.h
fn=stpcpy
36 4
37 3
39 2
40 2
43 3
46 3
fn=stpncpy
36 4
37 3
39 2
40 2
43 3
46 3
fn=strcat
36 4
37 3
39 2
40 2
43 3
46 3
fn=strcpy
36 4
37 3
39 2
40 2
43 3
46 3
fn=strncpy
36 4
37 3
39 2
40 2
43 3
46 3
fl=./string/../sysdeps/x86_64/multiarch/memchr-avx2.S
fn=__memchr_avx2
60 7
67 7
69 7
72 7
73 7
75 7
76 7
77 7
78 7
81 7
82 7
85 7
86 7
98 7
103 7
104 7
105 7
106 7
107 14
fl=./string/../sysdeps/x86_64/multiarch/memchr.c
fn=memchr
29 4
fl=./string/../sysdeps/x86_64/multiarch/memcmp-avx2-movbe.S
fn=__memcmp_avx2_movbe
71 50
78 50
79 50
82 1
83 1
84 1
88 1
89 1
91 1
92 1
95 1
96 1
97 1
100 1
101 1
104 1
105 1
108 1
109 1
110 1
111 1
112 1
113 1
114 1
115 1
116 1
117 1
120 1
121 1
127 1
128 1
129 1
130 1
134 1
135 1
137 1
138 1
139 1
140 1
143 1
144 1
145 1
146 1
147 1
148 1
150 2
154 39
164 39
165 39
166 39
169 78
399 49
400 49
405 49
406 49
407 49
408 49
409 49
412 49
413 49
414 49
415 49
418 49
419 49
420 10
421 20
fl=./string/../sysdeps/x86_64/multiarch/memcmp.c
fn=bcmp
29 6
fl=./string/../sysdeps/x86_64/multiarch/memcpy.c
fn=memcpy@@GLIBC_2.14
29 2
fl=./string/../sysdeps/x86_64/multiarch/memmove-vec-unaligned-erms.S
fn=__memcpy_avx_unaligned_erms
307 117
308 117
314 117
315 117
317 54
318 54
319 54
322 11
323 11
324 11
327 22
357 63
358 63
360 41
361 41
363 34
367 34
368 13
369 13
370 13
371 13
372 5
373 5
375 13
377 13
383 21
384 21
385 21
386 21
387 21
394 22
395 22
396 22
397 22
399 22
416 7
417 7
418 7
419 7
420 7
427 5
428 5
429 5
430 5
431 5
432 5
433 10
438 43
439 43
444 28
445 28
447 10
448 10
449 10
451 5
452 5
453 5
454 5
455 5
456 5
457 5
458 5
459 5
460 5
461 5
462 5
463 5
464 5
465 10
469 18
470 18
474 18
476 18
480 18
481 18
492 18
495 18
497 18
499 18
503 18
504 18
513 12
514 12
516 12
518 12
519 12
520 12
523 12
525 12
527 12
529 24
535 100
536 100
537 100
538 100
539 100
540 100
541 100
542 100
543 100
544 100
545 100
546 100
548 12
549 12
550 12
551 12
553 12
557 24
570 6
571 6
573 6
574 6
575 6
577 6
579 6
581 12
587 282
588 282
589 282
590 282
591 282
592 282
593 282
594 282
595 282
596 282
597 282
598 282
600 6
601 6
602 6
603 6
605 6
606 12
615 13
622 13
623 13
629 11
632 11
634 11
637 11
638 11
640 11
642 999019
644 11
646 11
648 22
653 15
654 15
658 15
660 15
663 15
667 15
668 15
671 13
672 13
696 2
698 2
700 2
702 2
705 2
706 2
708 589730
711 2
713 2
715 4
727 2
728 2
734 2
735 2
736 2
743 2
749 2
751 2
759 2
760 2
762 2
764 2
766 2
768 2
776 2
777 2
778 2
780 2
781 2
782 2
783 2
786 2
788 4
793 382
795 24448
796 24448
797 24448
798 24448
800 48896
801 48896
802 12224
804 48896
805 48896
806 12224
807 12224
808 12224
809 382
810 382
811 382
812 382
813 2
816 2
817 2
822 252
823 252
824 126
825 126
826 126
827 126
828 126
829 126
830 126
831 126
832 126
833 126
834 126
835 126
836 126
840 2
841 2
842 2
843 2
845 2
846 2
847 2
848 2
849 4
fn=memcpy
212 29
213 29
219 43
220 43
222 28
223 28
224 28
226 13
227 13
228 13
230 13
360 15
361 15
363 7
367 7
368 4
369 4
370 3
371 3
372 2
373 2
375 3
377 4
383 3
384 3
385 3
386 3
387 3
416 8
417 8
418 8
419 8
420 8
427 11
428 11
429 11
430 11
431 11
432 11
433 11
444 15
445 15
447 15
448 15
449 15
451 4
452 4
453 4
454 4
455 4
456 4
457 4
458 4
459 4
460 4
461 4
462 4
463 4
464 4
465 4
fn=mempcpy
199 14
200 14
201 14
202 14
fl=./string/../sysdeps/x86_64/multiarch/memmove.c
fn=memmove
29 3
fl=./string/../sysdeps/x86_64/multiarch/mempcpy.c
fn=mempcpy
33 1
fl=./string/../sysdeps/x86_64/multiarch/memrchr.c
fn=memrchr
29 3
fl=./string/../sysdeps/x86_64/multiarch/memset-vec-unaligned-erms.S
fn=memset
125 11
126 55
132 11
133 11
134 9
135 9
137 1
138 1
139 1
204 4
205 4
207 4
283 8
284 8
289 8
292 8
293 8
296 4
297 4
310 4
311 4
313 4
316 3
319 6
322 85
323 85
324 85
325 85
326 85
327 85
328 85
331 4
332 4
333 4
334 4
339 4
368 2
369 2
370 2
402 2
403 2
404 2
fl=./string/../sysdeps/x86_64/multiarch/memset.c
fn=memset
29 1
fl=./string/../sysdeps/x86_64/multiarch/rawmemchr.c
fn=rawmemchr
31 2
fl=./string/../sysdeps/x86_64/multiarch/stpcpy.c
fn=stpcpy
33 3
fl=./string/../sysdeps/x86_64/multiarch/stpncpy.c
fn=stpncpy
31 3
fl=./string/../sysdeps/x86_64/multiarch/strcasecmp.c
fn=strcasecmp
31 2
fl=./string/../sysdeps/x86_64/multiarch/strcasecmp_l.c
fn=strcasecmp_l
31 2
fl=./string/../sysdeps/x86_64/multiarch/strcat.c
fn=strcat
29 3
fl=./string/../sysdeps/x86_64/multiarch/strchr-avx2.S
fn=__strchr_avx2
51 1
53 1
54 1
55 1
56 1
57 1
60 1
61 1
65 1
66 1
67 1
68 1
69 1
70 1
71 1
72 1
75 1
76 1
99 1
100 2
fn=__strchrnul_avx2
51 14
53 14
54 14
55 14
56 14
57 14
60 14
61 14
65 14
66 14
67 14
68 14
69 14
70 14
71 14
72 14
78 14
79 28
fl=./string/../sysdeps/x86_64/multiarch/strchr.c
fn=index
40 2
41 4
42 3
44 2
45 2
48 3
51 3
61 3
fl=./string/../sysdeps/x86_64/multiarch/strchrnul.c
fn=strchrnul
31 3
fl=./string/../sysdeps/x86_64/multiarch/strcmp.c
fn=strcmp
41 4
42 3
44 2
49 3
52 3
65 2
fl=./string/../sysdeps/x86_64/multiarch/strcpy.c
fn=strcpy
29 3
fl=./string/../sysdeps/x86_64/multiarch/strcspn.c
fn=strcspn
29 2
fl=./string/../sysdeps/x86_64/multiarch/strlen-avx2.S
fn=__strlen_avx2
50 82
63 82
64 82
65 82
68 82
70 82
71 82
74 82
75 82
83 82
84 82
85 82
90 164
fl=./string/../sysdeps/x86_64/multiarch/strlen-vec.S
fn=strlen
41 28
85 28
86 28
87 28
88 28
89 28
90 28
91 28
93 28
95 28
126 28
127 28
128 28
129 28
130 28
131 13
133 13
137 15
138 15
139 15
140 15
141 15
142 15
143 15
144 15
145 15
146 15
147 15
148 15
153 114
227 3
228 3
229 3
230 3
231 3
232 3
233 3
234 3
250 3
252 3
253 42
255 3
256 3
257 3
259 3
fl=./string/../sysdeps/x86_64/multiarch/strlen.c
fn=strlen
29 6
fl=./string/../sysdeps/x86_64/multiarch/strncase.c
fn=strncasecmp
31 2
fl=./string/../sysdeps/x86_64/multiarch/strncase_l.c
fn=strncasecmp_l
31 2
fl=./string/../sysdeps/x86_64/multiarch/strncmp.c
fn=strncmp
41 4
42 3
44 2
49 3
52 3
66 2
fl=./string/../sysdeps/x86_64/multiarch/strncpy.c
fn=strncpy
29 3
fl=./string/../sysdeps/x86_64/multiarch/strnlen.c
fn=strnlen
31 6
fl=./string/../sysdeps/x86_64/multiarch/strpbrk.c
fn=strpbrk
29 2
fl=./string/../sysdeps/x86_64/multiarch/strrchr-avx2.S
fn=__strrchr_avx2
46 1
47 1
48 1
50 1
51 1
54 1
55 1
56 1
89 1
90 1
91 1
92 1
93 1
94 1
95 1
96 1
97 1
98 1
101 1
102 1
111 1
112 1
210 1
211 1
219 1
220 1
221 1
222 1
223 1
225 1
226 1
227 1
228 2
fl=./string/../sysdeps/x86_64/multiarch/strrchr.c
fn=rindex
28 3
fl=./string/../sysdeps/x86_64/multiarch/strspn.c
fn=strspn
29 2
fl=./string/../sysdeps/x86_64/strcmp.S
fn=strcmp
108 2682
141 2682
142 2682
144 2682
145 2682
166 2682
167 2682
168 2514
169 2514
170 2414
171 2414
172 2414
173 2414
194 2414
195 2414
196 2414
197 2414
198 2414
199 2414
200 2414
205 42
206 126
215 310
216 310
217 310
218 310
219 310
220 310
221 310
222 310
223 198
224 100
225 100
226 100
228 198
229 198
230 198
231 198
232 198
233 198
243 112
244 112
245 112
247 112
253 112
254 112
255 112
256 112
257 112
262 112
264 103
265 103
266 206
274 122
275 122
278 122
279 122
280 122
281 122
282 122
283 122
289 31
290 31
291 31
294 31
295 31
296 31
297 31
298 31
299 31
304 19
305 19
444 2
445 2
446 2
447 2
448 2
450 2
451 2
452 2
453 2
454 2
455 2
456 2
457 2
460 2
461 2
462 2
468 2
469 2
470 4
474 2
475 2
478 2
479 2
480 2
483 2
484 2
485 2
491 2
492 2
493 2
494 2
495 2
496 2
568 2
569 2
570 2
571 2
572 2
574 2
575 2
576 2
577 2
578 2
579 2
580 2
581 2
585 2
586 2
587 2
593 2
594 2
595 4
599 2
600 2
603 2
604 2
605 2
608 2
609 2
610 2
616 2
617 2
618 2
619 2
620 2
621 2
693 1
694 1
695 1
696 1
697 1
699 1
700 1
701 1
702 1
703 1
704 1
705 1
818 1
819 1
820 1
821 1
822 1
824 1
825 1
826 1
827 1
828 1
829 1
830 1
831 1
835 1
836 1
837 1
843 1
844 1
845 2
849 1
850 1
853 1
854 1
855 1
858 1
859 1
860 1
866 1
867 1
868 1
869 1
870 1
871 1
878 1
879 1
881 1
882 1
884 1
885 1
886 1
889 1
890 1
891 1
897 1
898 1
899 1
900 1
901 1
902 1
943 2
944 2
945 2
946 2
947 2
949 2
950 2
951 2
952 2
953 2
954 2
955 2
956 2
960 2
961 2
962 2
968 2
969 2
970 4
974 2
975 2
978 2
979 2
980 2
983 2
984 2
985 2
991 2
992 2
993 2
994 2
995 2
996 2
1068 11
1069 11
1070 11
1071 11
1072 11
1074 11
1075 11
1076 11
1077 11
1078 11
1079 11
1080 11
1081 4
1085 4
1086 4
1087 4
1093 4
1094 4
1095 8
1099 4
1100 4
1103 4
1104 4
1105 4
1108 4
1109 4
1110 4
1116 4
1117 4
1118 4
1119 4
1120 4
1121 4
1128 2
1129 2
1131 2
1132 2
1134 2
1135 2
1136 2
1139 2
1140 2
1141 2
1147 2
1148 2
1149 2
1150 2
1151 2
1152 2
1193 2
1194 2
1195 2
1196 2
1197 2
1199 2
1200 2
1201 2
1202 2
1203 2
1204 2
1205 2
1318 42
1319 42
1320 42
1321 42
1322 42
1324 42
1325 42
1326 42
1327 42
1328 42
1329 42
1330 42
1331 12
1335 12
1336 12
1337 12
1343 12
1344 12
1345 24
1349 12
1350 12
1353 11
1354 11
1355 11
1358 11
1359 11
1360 11
1366 11
1367 11
1368 11
1369 11
1370 11
1371 11
1415 1
1416 1
1417 1
1418 1
1431 1
1432 1
1433 1
1434 1
1443 3
1444 3
1445 3
1446 3
1447 3
1449 3
1450 3
1451 3
1452 3
1453 3
1454 3
1455 3
1456 3
1460 3
1461 3
1462 3
1468 3
1469 3
1470 6
1474 3
1475 3
1478 3
1479 3
1480 3
1483 3
1484 3
1485 3
1491 3
1492 3
1493 3
1494 3
1495 3
1496 3
1568 16
1569 16
1570 16
1571 16
1572 16
1574 16
1575 16
1576 16
1577 16
1578 16
1579 16
1580 16
1581 12
1585 12
1586 12
1587 12
1593 12
1594 12
1595 24
1599 14
1600 14
1603 14
1604 14
1605 14
1608 14
1609 14
1610 14
1616 14
1617 14
1618 14
1619 14
1620 14
1621 14
1628 4
1629 4
1631 4
1632 4
1634 4
1635 4
1636 4
1639 4
1640 4
1641 4
1647 4
1648 4
1649 4
1650 4
1651 4
1652 4
1659 2
1660 2
1661 2
1693 16
1694 16
1695 16
1696 16
1697 16
1699 16
1700 16
1701 16
1702 16
1703 16
1704 16
1705 16
1706 11
1710 11
1711 11
1712 11
1718 11
1719 11
1720 22
1724 12
1725 12
1728 12
1729 12
1730 12
1733 12
1734 12
1735 12
1741 12
1742 12
1743 12
1744 12
1745 12
1746 12
1753 2
1754 2
1756 2
1757 2
1759 2
1760 2
1761 2
1764 2
1765 2
1766 2
1772 2
1773 2
1774 2
1775 2
1776 2
1777 2
1784 1
1785 1
1786 1
1818 25
1819 25
1820 25
1821 25
1822 25
1824 25
1825 25
1826 25
1827 25
1828 25
1829 25
1830 25
1831 20
1835 20
1836 20
1837 20
1843 20
1844 20
1845 40
1849 20
1850 20
1853 20
1854 20
1855 20
1858 20
1859 20
1860 20
1866 20
1867 20
1868 20
1869 20
1870 20
1871 20
1878 1
1879 1
1881 1
1882 1
1884 1
1885 1
1886 1
1889 1
1890 1
1891 1
1897 1
1898 1
1899 1
1900 1
1901 1
1902 1
1943 6
1944 6
1945 6
1946 6
1947 6
1949 6
1950 6
1951 6
1952 6
1953 6
1954 6
1955 6
1956 3
1960 3
1961 3
1962 3
1968 3
1969 3
1970 6
1974 3
1975 3
1978 3
1979 3
1980 3
1983 3
1984 3
1985 3
1991 3
1992 3
1993 3
1994 3
1995 3
1996 3
2068 69
2069 69
2070 69
2071 69
2072 69
2074 69
2075 69
2076 69
2077 69
2078 69
2079 69
2080 69
2082 19
2086 19
2087 19
2088 19
2094 19
2095 19
2097 38
2101 21
2102 21
2105 21
2106 21
2107 21
2110 21
2111 21
2112 21
2118 21
2119 21
2120 21
2121 21
2122 21
2123 21
2130 3
2131 3
2133 3
2134 3
2136 3
2137 3
2138 3
2141 3
2142 3
2143 3
2149 3
2150 3
2151 3
2152 3
2153 3
2154 3
2161 2
2162 2
2163 2
2190 1
2191 1
2192 1
2193 2
2197 194
2199 310
2200 310
2201 310
2202 310
2203 200
2208 2682
2214 2682
2215 2682
2223 2682
2224 2682
fl=./string/../sysdeps/x86_64/strcspn.S
fn=strcspn
25 1
27 1
34 1
35 1
37 1
38 1
39 1
40 1
41 33
44 3
51 1
52 1
53 1
54 1
56 1
57 1
58 1
59 1
61 1
62 1
63 1
72 3
84 18
86 18
87 18
88 18
90 18
91 18
92 18
94 17
95 17
96 17
98 17
99 17
100 17
104 1
106 1
113 1
117 1
fl=./string/./string/strdup.c
fn=strdup
40 25
41 10
44 10
47 20
48 15
fl=./time/../sysdeps/unix/sysv/linux/clock_gettime.c
fn=clock_gettime@@GLIBC_2.17
30 14
38 28
40 28
44 14
68 28
69 28
86 14
fl=./wcsmbs/../sysdeps/x86_64/multiarch/ifunc-avx2.h
fn=wcschr
32 4
33 10
34 6
36 4
37 4
40 6
43 8
fn=wcscmp
32 2
33 5
34 3
36 2
37 2
40 3
43 4
fl=./wcsmbs/../sysdeps/x86_64/multiarch/ifunc-evex.h
fn=wmemchr
34 4
35 10
36 6
38 4
39 4
41 4
47 6
50 8
fl=./wcsmbs/../sysdeps/x86_64/multiarch/ifunc-memcmp.h
fn=wmemcmp
34 4
35 3
36 2
37 3
39 2
40 2
43 3
46 3
fl=./wcsmbs/../sysdeps/x86_64/multiarch/ifunc-wcslen.h
fn=wcslen
33 2
34 4
35 3
37 2
38 2
41 3
44 3
fn=wcsnlen
33 2
34 4
35 3
37 2
38 2
41 3
44 3
fl=./wcsmbs/../sysdeps/x86_64/multiarch/ifunc-wmemset.h
fn=wmemset
33 10
34 6
36 4
44 6
47 8
fl=./wcsmbs/../sysdeps/x86_64/multiarch/wcschr.c
fn=wcschr
31 6
fl=./wcsmbs/../sysdeps/x86_64/multiarch/wcscmp.c
fn=wcscmp
30 3
fl=./wcsmbs/../sysdeps/x86_64/multiarch/wcscpy.c
fn=wcscpy
37 5
43 2
fl=./wcsmbs/../sysdeps/x86_64/multiarch/wcslen.c
fn=wcslen
29 3
fl=./wcsmbs/../sysdeps/x86_64/multiarch/wcsnlen.c
fn=wcsnlen
29 3
fl=./wcsmbs/../sysdeps/x86_64/multiarch/wmemchr.c
fn=wmemchr
31 4
fl=./wcsmbs/../sysdeps/x86_64/multiarch/wmemcmp.c
fn=wmemcmp
29 3
fl=./wcsmbs/../sysdeps/x86_64/multiarch/wmemset.c
fn=wmemset
31 4
fl=./wcsmbs/./wcsmbs/btowc.c
fn=btowc
32 3584
37 1792
42 512
46 384
47 256
49 256
54 512
57 640
98 2304
fl=./wcsmbs/./wcsmbs/wctob.c
fn=wctob
30 1664
39 384
44 256
45 128
81 1024
fl=./wcsmbs/./wcsmbsload.h
fn=btowc
69 384
71 384
72 128
fl=./wctype/./wctype/wctype_l.c
fn=wctype_l
26 100
29 20
32 20
33 68
35 174
37 410
40 48
41 96
45 10
46 10
47 80
fl=???
fn=(below main)
0 12
fn=???
0 4450904
fn=_GLOBAL__sub_I__Z16insertIntoVectorv
0 8
fn=__cpu_indicator_init
0 367
fn=__cxa_get_globals
0 14
fn=__cxxabiv1::__si_class_type_info::__do_dyncast(long, __cxxabiv1::__class_type_info::__sub_kind, __cxxabiv1::__class_type_info const*, void const*, __cxxabiv1::__class_type_info const*, void const*, __cxxabiv1::__class_type_info::__dyncast_result&) const
0 74
fn=__dynamic_cast
0 110
fn=__gnu_cxx::__normal_iterator<int*, std::vector<int, std::allocator<int> > >::__normal_iterator(int* const&)
0 1992
fn=__gnu_cxx::__normal_iterator<int*, std::vector<int, std::allocator<int> > >::base() const
0 2324
fn=__gnu_cxx::__normal_iterator<int*, std::vector<int, std::allocator<int> > >::difference_type __gnu_cxx::operator-<int*, std::vector<int, std::allocator<int> > >(__gnu_cxx::__normal_iterator<int*, std::vector<int, std::allocator<int> > > const&, __gnu_cxx::__normal_iterator<int*, std::vector<int, std::allocator<int> > > const&)
0 1743
fn=__gnu_cxx::__promote_2<int, int, __gnu_cxx::__promote<int, std::__is_integer<int>::__value>::__type, __gnu_cxx::__promote<int, std::__is_integer<int>::__value>::__type>::__type std::pow<int, int>(int, int)
0 20000250
fn=__gnu_cxx::new_allocator<int>::_M_max_size() const
0 1743
fn=__gnu_cxx::new_allocator<int>::allocate(unsigned long, void const*)
0 1909
fn=__gnu_cxx::new_allocator<int>::deallocate(int*, unsigned long)
0 1079
fn=__gnu_cxx::new_allocator<int>::max_size() const
0 1660
fn=__gnu_cxx::new_allocator<int>::new_allocator()
0 56
fn=__gnu_cxx::new_allocator<int>::~new_allocator()
0 56
fn=__gnu_cxx::stdio_sync_filebuf<char, std::char_traits<char> >::sync()
0 15
fn=__gnu_cxx::stdio_sync_filebuf<wchar_t, std::char_traits<wchar_t> >::sync()
0 15
fn=__static_initialization_and_destruction_0(int, int)
0 23
fn=bool std::has_facet<std::codecvt<char, char, __mbstate_t> >(std::locale const&)
0 22
fn=bool std::has_facet<std::ctype<char> >(std::locale const&)
0 18
fn=bool std::has_facet<std::ctype<wchar_t> >(std::locale const&)
0 12
fn=bool std::has_facet<std::num_get<char, std::istreambuf_iterator<char, std::char_traits<char> > > >(std::locale const&)
0 18
fn=bool std::has_facet<std::num_get<wchar_t, std::istreambuf_iterator<wchar_t, std::char_traits<wchar_t> > > >(std::locale const&)
0 12
fn=bool std::has_facet<std::num_put<char, std::ostreambuf_iterator<char, std::char_traits<char> > > >(std::locale const&)
0 18
fn=bool std::has_facet<std::num_put<wchar_t, std::ostreambuf_iterator<wchar_t, std::char_traits<wchar_t> > > >(std::locale const&)
0 12
fn=insertIntoVector()
0 24445101
fn=int const& std::forward<int const&>(std::remove_reference<int const&>::type&)
0 15556107
fn=int&& std::forward<int>(std::remove_reference<int>::type&)
0 175
fn=int* std::__niter_base<int*>(int*)
0 3486
fn=int* std::__relocate_a<int*, int*, std::allocator<int> >(int*, int*, int*, std::allocator<int>&)
0 5312
fn=main
0 7
fn=operator delete(void*)
0 168
fn=operator delete[](void*)
0 2
fn=operator new(unsigned long)
0 1008
fn=operator new(unsigned long, void*)
0 8888944
fn=operator new[](unsigned long)
0 2
fn=std::_Vector_base<int, std::allocator<int> >::_M_allocate(unsigned long)
0 1328
fn=std::_Vector_base<int, std::allocator<int> >::_M_deallocate(int*, unsigned long)
0 1590
fn=std::_Vector_base<int, std::allocator<int> >::_M_get_Tp_allocator()
0 1218
fn=std::_Vector_base<int, std::allocator<int> >::_M_get_Tp_allocator() const
0 1162
fn=std::_Vector_base<int, std::allocator<int> >::_Vector_base()
0 88
fn=std::_Vector_base<int, std::allocator<int> >::_Vector_impl::_Vector_impl()
0 112
fn=std::_Vector_base<int, std::allocator<int> >::_Vector_impl::~_Vector_impl()
0 88
fn=std::_Vector_base<int, std::allocator<int> >::_Vector_impl_data::_Vector_impl_data()
0 104
fn=std::_Vector_base<int, std::allocator<int> >::~_Vector_base()
0 200
fn=std::__basic_file<char>::__basic_file(pthread_mutex_t*)
0 4
fn=std::__basic_file<char>::close()
0 25
fn=std::__basic_file<char>::fd()
0 21
fn=std::__basic_file<char>::is_open() const
0 28
fn=std::__basic_file<char>::open(char const*, std::_Ios_Openmode, int)
0 27
fn=std::__basic_file<char>::xsputn(char const*, long)
0 182
fn=std::__basic_file<char>::~__basic_file()
0 2
fn=std::__cxx11::messages<char>::messages(unsigned long)
0 20
fn=std::__cxx11::messages<wchar_t>::messages(unsigned long)
0 20
fn=std::__cxx11::moneypunct<char, false>::_M_initialize_moneypunct(__locale_struct*, char const*)
0 113
fn=std::__cxx11::moneypunct<char, true>::_M_initialize_moneypunct(__locale_struct*, char const*)
0 113
fn=std::__cxx11::moneypunct<wchar_t, false>::_M_initialize_moneypunct(__locale_struct*, char const*)
0 109
fn=std::__cxx11::moneypunct<wchar_t, true>::_M_initialize_moneypunct(__locale_struct*, char const*)
0 109
fn=std::__cxx11::numpunct<char>::_M_initialize_numpunct(__locale_struct*)
0 414
fn=std::__cxx11::numpunct<wchar_t>::_M_initialize_numpunct(__locale_struct*)
0 350
fn=std::__num_base::_S_format_float(std::ios_base const&, char*, char)
0 217
fn=std::__timepunct<char>::_M_initialize_timepunct(__locale_struct*)
0 149
fn=std::__timepunct<char>::__timepunct(std::__timepunct_cache<char>*, unsigned long)
0 23
fn=std::__timepunct<wchar_t>::_M_initialize_timepunct(__locale_struct*)
0 149
fn=std::__timepunct<wchar_t>::__timepunct(std::__timepunct_cache<wchar_t>*, unsigned long)
0 23
fn=std::allocator<int>::allocator()
0 88
fn=std::allocator<int>::~allocator()
0 88
fn=std::allocator_traits<std::allocator<int> >::allocate(std::allocator<int>&, unsigned long)
0 1162
fn=std::allocator_traits<std::allocator<int> >::deallocate(std::allocator<int>&, int*, unsigned long)
0 1328
fn=std::allocator_traits<std::allocator<int> >::max_size(std::allocator<int> const&)
0 1660
fn=std::basic_filebuf<char, std::char_traits<char> >::_M_allocate_internal_buffer()
0 13
fn=std::basic_filebuf<char, std::char_traits<char> >::_M_convert_to_external(char*, long)
0 273
fn=std::basic_filebuf<char, std::char_traits<char> >::_M_destroy_internal_buffer()
0 20
fn=std::basic_filebuf<char, std::char_traits<char> >::_M_terminate_output()
0 39
fn=std::basic_filebuf<char, std::char_traits<char> >::basic_filebuf()
0 56
fn=std::basic_filebuf<char, std::char_traits<char> >::close()
0 74
fn=std::basic_filebuf<char, std::char_traits<char> >::open(char const*, std::_Ios_Openmode)
0 47
fn=std::basic_filebuf<char, std::char_traits<char> >::overflow(int)
0 388
fn=std::basic_filebuf<char, std::char_traits<char> >::sync()
0 98
fn=std::basic_filebuf<char, std::char_traits<char> >::xsputn(char const*, long)
0 865
fn=std::basic_ios<char, std::char_traits<char> >::_M_cache_locale(std::locale const&)
0 186
fn=std::basic_ios<char, std::char_traits<char> >::clear(std::_Ios_Iostate)
0 7
fn=std::basic_ios<char, std::char_traits<char> >::init(std::basic_streambuf<char, std::char_traits<char> >*)
0 138
fn=std::basic_ios<wchar_t, std::char_traits<wchar_t> >::_M_cache_locale(std::locale const&)
0 124
fn=std::basic_ios<wchar_t, std::char_traits<wchar_t> >::init(std::basic_streambuf<wchar_t, std::char_traits<wchar_t> >*)
0 92
fn=std::basic_ofstream<char, std::char_traits<char> >::basic_ofstream()
0 40
fn=std::basic_ofstream<char, std::char_traits<char> >::close()
0 9
fn=std::basic_ofstream<char, std::char_traits<char> >::open(char const*, std::_Ios_Openmode)
0 14
fn=std::basic_ofstream<char, std::char_traits<char> >::~basic_ofstream()
0 30
fn=std::basic_ostream<char, std::char_traits<char> >& std::__ostream_insert<char, std::char_traits<char> >(std::basic_ostream<char, std::char_traits<char> >&, char const*, long)
0 392
fn=std::basic_ostream<char, std::char_traits<char> >& std::endl<char, std::char_traits<char> >(std::basic_ostream<char, std::char_traits<char> >&)
0 140
fn=std::basic_ostream<char, std::char_traits<char> >& std::operator<< <std::char_traits<char> >(std::basic_ostream<char, std::char_traits<char> >&, char const*)
0 133
fn=std::basic_ostream<wchar_t, std::char_traits<wchar_t> >::flush()
0 162
fn=std::basic_ostream<wchar_t, std::char_traits<wchar_t> >::sentry::sentry(std::basic_ostream<wchar_t, std::char_traits<wchar_t> >&)
0 99
fn=std::basic_streambuf<char, std::char_traits<char> >::xsputn(char const*, long)
0 802
fn=std::chrono::_V2::system_clock::now()
0 210
fn=std::chrono::duration<long, std::ratio<1l, 1000000000l> >::count() const
0 168
fn=std::chrono::duration<long, std::ratio<1l, 1000000000l> >::duration<long, void>(long const&)
0 84
fn=std::chrono::duration<long, std::ratio<1l, 1000000l> > std::chrono::__duration_cast_impl<std::chrono::duration<long, std::ratio<1l, 1000000l> >, std::ratio<1l, 1000l>, long, true, false>::__cast<long, std::ratio<1l, 1000000000l> >(std::chrono::duration<long, std::ratio<1l, 1000000000l> > const&)
0 224
fn=std::chrono::duration<long, std::ratio<1l, 1000000l> >::count() const
0 56
fn=std::chrono::duration<long, std::ratio<1l, 1000000l> >::duration<long, void>(long const&)
0 84
fn=std::chrono::time_point<std::chrono::_V2::system_clock, std::chrono::duration<long, std::ratio<1l, 1000000000l> > >::time_since_epoch() const
0 112
fn=std::codecvt<char, char, __mbstate_t> const& std::use_facet<std::codecvt<char, char, __mbstate_t> >(std::locale const&)
0 20
fn=std::codecvt<char, char, __mbstate_t>::codecvt(unsigned long)
0 18
fn=std::codecvt<char, char, __mbstate_t>::do_always_noconv() const
0 87
fn=std::codecvt<wchar_t, char, __mbstate_t>::codecvt(unsigned long)
0 18
fn=std::common_type<std::chrono::duration<long, std::ratio<1l, 1000000000l> >, std::chrono::duration<long, std::ratio<1l, 1000000000l> > >::type std::chrono::operator-<long, std::ratio<1l, 1000000000l>, long, std::ratio<1l, 1000000000l> >(std::chrono::duration<long, std::ratio<1l, 1000000000l> > const&, std::chrono::duration<long, std::ratio<1l, 1000000000l> > const&)
0 273
fn=std::common_type<std::chrono::duration<long, std::ratio<1l, 1000000000l> >, std::chrono::duration<long, std::ratio<1l, 1000000000l> > >::type std::chrono::operator-<std::chrono::_V2::system_clock, std::chrono::duration<long, std::ratio<1l, 1000000000l> >, std::chrono::duration<long, std::ratio<1l, 1000000000l> > >(std::chrono::time_point<std::chrono::_V2::system_clock, std::chrono::duration<long, std::ratio<1l, 1000000000l> > > const&, std::chrono::time_point<std::chrono::_V2::system_clock, std::chrono::duration<long, std::ratio<1l, 1000000000l> > > const&)
0 189
fn=std::ctype<char> const& std::use_facet<std::ctype<char> >(std::locale const&)
0 143
fn=std::ctype<char>::_M_widen_init() const
0 732
fn=std::ctype<char>::ctype(unsigned short const*, bool, unsigned long)
0 116
fn=std::ctype<wchar_t> const& std::use_facet<std::ctype<wchar_t> >(std::locale const&)
0 44
fn=std::ctype<wchar_t>::_M_convert_to_wmask(unsigned short) const
0 146
fn=std::ctype<wchar_t>::_M_initialize_ctype()
0 2733
fn=std::ctype<wchar_t>::ctype(unsigned long)
0 20
fn=std::enable_if<std::__is_bitwise_relocatable<int, void>::value, int*>::type std::__relocate_a_1<int, int>(int*, int*, int*, std::allocator<int>&)
0 3845
fn=std::enable_if<std::chrono::__is_duration<std::chrono::duration<long, std::ratio<1l, 1000000l> > >::value, std::chrono::duration<long, std::ratio<1l, 1000000l> > >::type std::chrono::duration_cast<std::chrono::duration<long, std::ratio<1l, 1000000l> >, long, std::ratio<1l, 1000000000l> >(std::chrono::duration<long, std::ratio<1l, 1000000000l> > const&)
0 70
fn=std::error_category::error_category()
0 10
fn=std::error_category::~error_category()
0 4
fn=std::future_category()
0 3
fn=std::ios_base::Init::Init()
0 273
fn=std::ios_base::Init::~Init()
0 25
fn=std::ios_base::_M_call_callbacks(std::ios_base::event)
0 11
fn=std::ios_base::_M_dispose_callbacks()
0 13
fn=std::ios_base::_M_init()
0 260
fn=std::ios_base::ios_base()
0 522
fn=std::ios_base::~ios_base()
0 17
fn=std::locale::_Impl::_Impl(unsigned long)
0 666
fn=std::locale::_Impl::_M_install_facet(std::locale::id const*, std::locale::facet const*)
0 12128
fn=std::locale::facet::_S_create_c_locale(__locale_struct*&, char const*, __locale_struct*)
0 10
fn=std::locale::facet::_S_get_c_locale()
0 189
fn=std::locale::facet::_S_get_c_name()
0 21
fn=std::locale::id::_M_id() const
0 1122
fn=std::locale::locale()
0 442
fn=std::locale::locale(std::locale::_Impl*)
0 3
fn=std::locale::operator=(std::locale const&)
0 200
fn=std::locale::~locale()
0 96
fn=std::messages<char>::messages(unsigned long)
0 20
fn=std::messages<wchar_t>::messages(unsigned long)
0 20
fn=std::moneypunct<char, false>::_M_initialize_moneypunct(__locale_struct*, char const*)
0 113
fn=std::moneypunct<char, true>::_M_initialize_moneypunct(__locale_struct*, char const*)
0 113
fn=std::moneypunct<wchar_t, false>::_M_initialize_moneypunct(__locale_struct*, char const*)
0 109
fn=std::moneypunct<wchar_t, true>::_M_initialize_moneypunct(__locale_struct*, char const*)
0 109
fn=std::num_get<char, std::istreambuf_iterator<char, std::char_traits<char> > > const& std::use_facet<std::num_get<char, std::istreambuf_iterator<char, std::char_traits<char> > > >(std::locale const&)
0 66
fn=std::num_get<wchar_t, std::istreambuf_iterator<wchar_t, std::char_traits<wchar_t> > > const& std::use_facet<std::num_get<wchar_t, std::istreambuf_iterator<wchar_t, std::char_traits<wchar_t> > > >(std::locale const&)
0 44
fn=std::num_put<char, std::ostreambuf_iterator<char, std::char_traits<char> > > const& std::use_facet<std::num_put<char, std::ostreambuf_iterator<char, std::char_traits<char> > > >(std::locale const&)
0 66
fn=std::num_put<char, std::ostreambuf_iterator<char, std::char_traits<char> > >::do_put(std::ostreambuf_iterator<char, std::char_traits<char> >, std::ios_base&, char, double) const
0 28
fn=std::num_put<char, std::ostreambuf_iterator<char, std::char_traits<char> > >::do_put(std::ostreambuf_iterator<char, std::char_traits<char> >, std::ios_base&, char, long) const
0 21
fn=std::num_put<wchar_t, std::ostreambuf_iterator<wchar_t, std::char_traits<wchar_t> > > const& std::use_facet<std::num_put<wchar_t, std::ostreambuf_iterator<wchar_t, std::char_traits<wchar_t> > > >(std::locale const&)
0 44
fn=std::numpunct<char>::_M_initialize_numpunct(__locale_struct*)
0 414
fn=std::numpunct<wchar_t>::_M_initialize_numpunct(__locale_struct*)
0 350
fn=std::ostream& std::ostream::_M_insert<double>(double)
0 417
fn=std::ostream& std::ostream::_M_insert<long>(long)
0 399
fn=std::ostream::flush()
0 428
fn=std::ostream::operator<<(double)
0 14
fn=std::ostream::operator<<(int)
0 77
fn=std::ostream::operator<<(std::ostream& (*)(std::ostream&))
0 14
fn=std::ostream::put(char)
0 273
fn=std::ostream::sentry::sentry(std::ostream&)
0 904
fn=std::ostreambuf_iterator<char, std::char_traits<char> > std::num_put<char, std::ostreambuf_iterator<char, std::char_traits<char> > >::_M_insert_float<double>(std::ostreambuf_iterator<char, std::char_traits<char> >, std::ios_base&, char, char, double) const
0 987
fn=std::ostreambuf_iterator<char, std::char_traits<char> > std::num_put<char, std::ostreambuf_iterator<char, std::char_traits<char> > >::_M_insert_int<long>(std::ostreambuf_iterator<char, std::char_traits<char> >, std::ios_base&, char, long) const
0 651
fn=std::remove_reference<int&>::type&& std::move<int&>(int&)
0 49
fn=std::uncaught_exception()
0 16
fn=std::vector<int, std::allocator<int> >::_M_check_len(unsigned long, char const*) const
0 4814
fn=std::vector<int, std::allocator<int> >::_S_do_relocate(int*, int*, int*, std::allocator<int>&, std::integral_constant<bool, true>)
0 2656
fn=std::vector<int, std::allocator<int> >::_S_max_size(std::allocator<int> const&)
0 4150
fn=std::vector<int, std::allocator<int> >::_S_nothrow_relocate(std::integral_constant<bool, true>)
0 996
fn=std::vector<int, std::allocator<int> >::_S_relocate(int*, int*, int*, std::allocator<int>&)
0 2656
fn=std::vector<int, std::allocator<int> >::_S_use_relocate()
0 2158
fn=std::vector<int, std::allocator<int> >::begin()
0 1577
fn=std::vector<int, std::allocator<int> >::end()
0 1660
fn=std::vector<int, std::allocator<int> >::max_size() const
0 1992
fn=std::vector<int, std::allocator<int> >::operator[](unsigned long)
0 84
fn=std::vector<int, std::allocator<int> >::push_back(int const&)
0 31110792
fn=std::vector<int, std::allocator<int> >::push_back(int&&)
0 119
fn=std::vector<int, std::allocator<int> >::size() const
0 4420
fn=std::vector<int, std::allocator<int> >::vector()
0 88
fn=std::vector<int, std::allocator<int> >::~vector()
0 176
fn=unsigned long const& std::max<unsigned long>(unsigned long const&, unsigned long const&)
0 1170
fn=unsigned long const& std::min<unsigned long>(unsigned long const&, unsigned long const&)
0 2324
fn=void __gnu_cxx::new_allocator<int>::construct<int, int const&>(int*, int const&)
0 23333331
fn=void __gnu_cxx::new_allocator<int>::construct<int, int>(int*, int&&)
0 147
fn=void std::_Destroy<int*, int>(int*, int*, std::allocator<int>&)
0 120
fn=void std::_Destroy<int*>(int*, int*)
0 112
fn=void std::_Destroy_aux<true>::__destroy<int*>(int*, int*)
0 64
fn=void std::allocator_traits<std::allocator<int> >::construct<int, int const&>(std::allocator<int>&, int*, int const&)
0 21111109
fn=void std::allocator_traits<std::allocator<int> >::construct<int, int>(std::allocator<int>&, int*, int&&)
0 133
fn=void std::vector<int, std::allocator<int> >::_M_realloc_insert<int const&>(__gnu_cxx::__normal_iterator<int*, std::vector<int, std::allocator<int> > >, int const&)
0 9401
fn=void std::vector<int, std::allocator<int> >::_M_realloc_insert<int>(__gnu_cxx::__normal_iterator<int*, std::vector<int, std::allocator<int> > >, int&&)
0 476
fn=void std::vector<int, std::allocator<int> >::emplace_back<int>(int&&)
0 219
summary: 292201852
